 Location:  2S 110W  10 Apr 2001 to 22 Dec 2006 ( 2083 times,  5 blocks) Gen. Date Mar  3 2014
 Units: Sea Level Pressure (hPa),  -9.90 = missing
 Time: 1200 10 Apr 2001 to 1200 10 Nov 2001 (index     1 to   215,  215 times)
 Depth (M):        -3 QUALITY and SOURCE
 YYYYMMDD HHMM    SLP Q S
 20010410 1200 1009.4 2 5
 20010411 1200 1010.0 2 5
 20010412 1200 1009.9 2 5
 20010413 1200 1009.9 2 5
 20010414 1200 1009.9 2 5
 20010415 1200 1009.6 2 5
 20010416 1200 1010.0 2 5
 20010417 1200 1010.3 2 5
 20010418 1200 1010.5 2 5
 20010419 1200 1010.2 2 5
 20010420 1200 1011.2 2 5
 20010421 1200 1011.6 2 5
 20010422 1200 1011.3 2 5
 20010423 1200 1010.2 2 5
 20010424 1200 1008.4 2 5
 20010425 1200 1008.9 2 5
 20010426 1200 1008.7 2 5
 20010427 1200 1008.3 2 5
 20010428 1200 1009.7 2 5
 20010429 1200 1008.9 2 5
 20010430 1200 1009.7 2 5
 20010501 1200 1010.1 2 5
 20010502 1200 1010.1 2 5
 20010503 1200 1010.9 2 5
 20010504 1200 1011.1 2 5
 20010505 1200 1009.9 2 5
 20010506 1200 1008.9 2 5
 20010507 1200 1010.4 2 5
 20010508 1200 1011.6 2 5
 20010509 1200 1010.4 2 5
 20010510 1200 1009.8 2 5
 20010511 1200 1009.9 2 5
 20010512 1200 1011.2 2 5
 20010513 1200 1011.9 2 5
 20010514 1200 1012.0 2 5
 20010515 1200 1011.6 2 5
 20010516 1200 1010.5 2 5
 20010517 1200 1010.5 2 5
 20010518 1200 1011.7 2 5
 20010519 1200 1012.9 2 5
 20010520 1200 1012.8 2 5
 20010521 1200 1012.4 2 5
 20010522 1200 1012.0 2 5
 20010523 1200 1011.9 2 5
 20010524 1200 1012.9 2 5
 20010525 1200 1013.6 2 5
 20010526 1200 1013.0 2 5
 20010527 1200 1011.9 2 5
 20010528 1200 1011.1 2 5
 20010529 1200 1011.9 2 5
 20010530 1200 1012.5 2 5
 20010531 1200 1012.5 2 5
 20010601 1200 1012.7 2 5
 20010602 1200 1012.8 2 5
 20010603 1200 1012.2 2 5
 20010604 1200 1010.9 2 5
 20010605 1200 1011.4 2 5
 20010606 1200 1011.6 2 5
 20010607 1200 1011.3 2 5
 20010608 1200 1011.0 2 5
 20010609 1200 1011.3 2 5
 20010610 1200 1012.1 2 5
 20010611 1200 1012.9 2 5
 20010612 1200 1013.0 2 5
 20010613 1200 1012.0 2 5
 20010614 1200 1010.2 2 5
 20010615 1200 1009.6 2 5
 20010616 1200 1010.2 2 5
 20010617 1200 1010.7 2 5
 20010618 1200 1010.8 2 5
 20010619 1200 1011.0 2 5
 20010620 1200 1012.2 2 5
 20010621 1200 1013.1 2 5
 20010622 1200 1012.6 2 5
 20010623 1200 1011.8 2 5
 20010624 1200 1011.0 2 5
 20010625 1200 1010.5 2 5
 20010626 1200 1010.2 2 5
 20010627 1200 1011.4 2 5
 20010628 1200 1012.3 2 5
 20010629 1200 1012.4 2 5
 20010630 1200 1012.3 2 5
 20010701 1200 1010.9 2 5
 20010702 1200 1010.0 2 5
 20010703 1200 1010.0 2 5
 20010704 1200 1011.7 2 5
 20010705 1200 1012.4 2 5
 20010706 1200 1012.1 2 5
 20010707 1200 1013.0 2 5
 20010708 1200 1013.4 2 5
 20010709 1200 1013.5 2 5
 20010710 1200 1013.6 2 5
 20010711 1200 1013.1 2 5
 20010712 1200 1013.4 2 5
 20010713 1200 1013.4 2 5
 20010714 1200 1013.5 2 5
 20010715 1200 1012.7 2 5
 20010716 1200 1012.9 2 5
 20010717 1200 1012.8 2 5
 20010718 1200 1013.6 2 5
 20010719 1200 1013.9 2 5
 20010720 1200 1013.8 2 5
 20010721 1200 1012.9 2 5
 20010722 1200 1012.8 2 5
 20010723 1200 1012.3 2 5
 20010724 1200 1012.5 2 5
 20010725 1200 1013.6 2 5
 20010726 1200 1012.7 2 5
 20010727 1200 1012.8 2 5
 20010728 1200 1013.4 2 5
 20010729 1200 1013.4 2 5
 20010730 1200 1011.9 2 5
 20010731 1200 1011.7 2 5
 20010801 1200 1012.9 2 5
 20010802 1200 1013.7 2 5
 20010803 1200 1014.0 2 5
 20010804 1200 1013.4 2 5
 20010805 1200 1013.3 2 5
 20010806 1200 1013.5 2 5
 20010807 1200 1013.2 2 5
 20010808 1200 1012.4 2 5
 20010809 1200 1011.7 2 5
 20010810 1200 1011.8 2 5
 20010811 1200 1012.5 2 5
 20010812 1200 1012.9 2 5
 20010813 1200 1013.1 2 5
 20010814 1200 1011.6 2 5
 20010815 1200 1011.2 2 5
 20010816 1200 1011.3 2 5
 20010817 1200 1011.5 2 5
 20010818 1200 1012.0 2 5
 20010819 1200 1010.8 2 5
 20010820 1200 1011.5 2 5
 20010821 1200 1013.5 2 5
 20010822 1200 1014.6 2 5
 20010823 1200 1014.3 2 5
 20010824 1200 1013.5 2 5
 20010825 1200 1012.9 2 5
 20010826 1200 1012.8 2 5
 20010827 1200 1012.9 2 5
 20010828 1200 1012.0 2 5
 20010829 1200 1012.0 2 5
 20010830 1200 1012.1 2 5
 20010831 1200 1014.2 2 5
 20010901 1200 1013.6 2 5
 20010902 1200 1012.3 2 5
 20010903 1200 1012.6 2 5
 20010904 1200 1012.5 2 5
 20010905 1200 1012.8 2 5
 20010906 1200 1013.4 2 5
 20010907 1200 1013.8 2 5
 20010908 1200 1013.8 2 5
 20010909 1200 1014.6 2 5
 20010910 1200 1014.7 2 5
 20010911 1200 1014.3 2 5
 20010912 1200 1014.3 2 5
 20010913 1200 1014.1 2 5
 20010914 1200 1013.2 2 5
 20010915 1200 1013.3 2 5
 20010916 1200 1013.3 2 5
 20010917 1200 1013.8 2 5
 20010918 1200 1013.4 2 5
 20010919 1200 1012.6 2 5
 20010920 1200 1012.4 2 5
 20010921 1200 1012.3 2 5
 20010922 1200 1012.4 2 5
 20010923 1200 1013.1 2 5
 20010924 1200 1012.8 2 5
 20010925 1200 1012.2 2 5
 20010926 1200 1013.0 2 5
 20010927 1200 1013.9 2 5
 20010928 1200 1014.7 2 5
 20010929 1200 1014.3 2 5
 20010930 1200 1013.3 2 5
 20011001 1200 1012.7 2 5
 20011002 1200 1013.3 2 5
 20011003 1200 1013.0 2 5
 20011004 1200 1013.0 2 5
 20011005 1200 1012.9 2 5
 20011006 1200 1012.8 2 5
 20011007 1200 1011.3 2 5
 20011008 1200 1012.6 2 5
 20011009 1200 1013.0 2 5
 20011010 1200 1012.3 2 5
 20011011 1200 1011.8 2 5
 20011012 1200 1011.9 2 5
 20011013 1200 1012.1 2 5
 20011014 1200 1012.1 2 5
 20011015 1200 1011.6 2 5
 20011016 1200 1012.7 2 5
 20011017 1200 1013.0 2 5
 20011018 1200 1011.8 2 5
 20011019 1200 1011.5 2 5
 20011020 1200 1011.6 2 5
 20011021 1200 1012.4 2 5
 20011022 1200 1013.2 2 5
 20011023 1200 1012.1 2 5
 20011024 1200 1011.4 2 5
 20011025 1200 1012.5 2 5
 20011026 1200 1014.4 2 5
 20011027 1200 1014.0 2 5
 20011028 1200 1014.1 2 5
 20011029 1200 1014.8 2 5
 20011030 1200 1015.5 2 5
 20011031 1200 1015.0 2 5
 20011101 1200 1013.9 2 5
 20011102 1200 1012.8 2 5
 20011103 1200 1012.0 2 5
 20011104 1200 1011.5 2 5
 20011105 1200 1010.6 2 5
 20011106 1200 1011.8 2 5
 20011107 1200 1013.1 2 5
 20011108 1200 1013.3 2 5
 20011109 1200 1013.8 2 5
 20011110 1200 1013.0 2 5
 Time: 1200 14 Mar 2002 to 1200 26 Jun 2003 (index   339 to   808,  470 times)
 Depth (M):        -3 QUALITY and SOURCE
 YYYYMMDD HHMM    SLP Q S
 20020314 1200 1010.8 2 5
 20020315 1200 1009.9 2 5
 20020316 1200 1009.2 2 5
 20020317 1200 1010.5 2 5
 20020318 1200 1010.9 2 5
 20020319 1200 1010.3 2 5
 20020320 1200 1009.6 2 5
 20020321 1200 1009.6 2 5
 20020322 1200 1009.8 2 5
 20020323 1200 1009.8 2 5
 20020324 1200 1009.7 2 5
 20020325 1200 1008.8 2 5
 20020326 1200 1008.4 2 5
 20020327 1200 1009.1 2 5
 20020328 1200 1009.8 2 5
 20020329 1200 1009.1 2 5
 20020330 1200 1008.4 2 5
 20020331 1200 1008.3 2 5
 20020401 1200 1008.4 2 5
 20020402 1200 1008.4 2 5
 20020403 1200 1008.5 2 5
 20020404 1200 1009.2 2 5
 20020405 1200 1010.9 2 5
 20020406 1200 1011.1 2 5
 20020407 1200 1011.1 2 5
 20020408 1200 1010.8 2 5
 20020409 1200 1012.0 2 5
 20020410 1200 1011.9 2 5
 20020411 1200 1011.8 2 5
 20020412 1200 1011.6 2 5
 20020413 1200 1011.1 2 5
 20020414 1200 1009.8 2 5
 20020415 1200 1009.1 2 5
 20020416 1200 1009.6 2 5
 20020417 1200 1009.7 2 5
 20020418 1200 1010.2 2 5
 20020419 1200 1009.4 2 5
 20020420 1200 1008.5 2 5
 20020421 1200 1007.8 2 5
 20020422 1200 1008.7 2 5
 20020423 1200 1010.7 2 5
 20020424 1200 1011.2 2 5
 20020425 1200 1011.6 2 5
 20020426 1200 1011.2 2 5
 20020427 1200 1010.1 2 5
 20020428 1200 1009.8 2 5
 20020429 1200 1009.8 2 5
 20020430 1200 1010.2 2 5
 20020501 1200 1009.0 2 5
 20020502 1200 1009.4 2 5
 20020503 1200 1008.8 2 5
 20020504 1200 1008.4 2 5
 20020505 1200 1009.0 2 5
 20020506 1200 1009.7 2 5
 20020507 1200 1009.5 2 5
 20020508 1200 1008.5 2 5
 20020509 1200 1008.6 2 5
 20020510 1200 1008.2 2 5
 20020511 1200 1008.3 2 5
 20020512 1200 1009.0 2 5
 20020513 1200 1008.8 2 5
 20020514 1200 1008.6 2 5
 20020515 1200 1009.7 2 5
 20020516 1200 1011.0 2 5
 20020517 1200 1011.2 2 5
 20020518 1200 1010.8 2 5
 20020519 1200 1011.7 2 5
 20020520 1200 1012.8 2 5
 20020521 1200 1012.6 2 5
 20020522 1200 1011.3 2 5
 20020523 1200 1011.3 2 5
 20020524 1200 1012.0 2 5
 20020525 1200 1012.5 2 5
 20020526 1200 1012.3 2 5
 20020527 1200 1011.9 2 5
 20020528 1200 1012.1 2 5
 20020529 1200 1011.9 2 5
 20020530 1200 1011.3 2 5
 20020531 1200 1011.6 2 5
 20020601 1200 1012.5 2 5
 20020602 1200 1012.2 2 5
 20020603 1200 1013.0 2 5
 20020604 1200 1013.7 2 5
 20020605 1200 1013.0 2 5
 20020606 1200 1012.1 2 5
 20020607 1200 1011.8 2 5
 20020608 1200 1011.2 2 5
 20020609 1200 1011.8 2 5
 20020610 1200 1011.3 2 5
 20020611 1200 1011.8 2 5
 20020612 1200 1012.3 2 5
 20020613 1200 1012.3 2 5
 20020614 1200 1011.7 2 5
 20020615 1200 1010.9 2 5
 20020616 1200 1011.3 2 5
 20020617 1200 1011.2 2 5
 20020618 1200 1010.3 2 5
 20020619 1200 1009.6 2 5
 20020620 1200 1009.0 2 5
 20020621 1200 1010.0 2 5
 20020622 1200 1010.5 2 5
 20020623 1200 1011.0 2 5
 20020624 1200 1010.8 2 5
 20020625 1200 1010.9 2 5
 20020626 1200 1011.4 2 5
 20020627 1200 1011.7 2 5
 20020628 1200 1011.5 2 5
 20020629 1200 1010.3 2 5
 20020630 1200 1010.5 2 5
 20020701 1200 1010.4 2 5
 20020702 1200 1010.8 2 5
 20020703 1200 1012.1 2 5
 20020704 1200 1013.3 2 5
 20020705 1200 1013.3 2 5
 20020706 1200 1012.3 2 5
 20020707 1200 1011.6 2 5
 20020708 1200 1011.6 2 5
 20020709 1200 1011.3 2 5
 20020710 1200 1012.2 2 5
 20020711 1200 1012.1 2 5
 20020712 1200 1011.9 2 5
 20020713 1200 1011.8 2 5
 20020714 1200 1012.1 2 5
 20020715 1200 1012.1 2 5
 20020716 1200 1012.3 2 5
 20020717 1200 1013.3 2 5
 20020718 1200 1014.1 2 5
 20020719 1200 1014.5 2 5
 20020720 1200 1015.0 2 5
 20020721 1200 1014.5 2 5
 20020722 1200 1013.0 2 5
 20020723 1200 1012.9 2 5
 20020724 1200 1013.0 2 5
 20020725 1200 1012.7 2 5
 20020726 1200 1012.9 2 5
 20020727 1200 1013.2 2 5
 20020728 1200 1012.8 2 5
 20020729 1200 1013.4 2 5
 20020730 1200 1013.4 2 5
 20020731 1200 1012.6 2 5
 20020801 1200 1012.5 2 5
 20020802 1200 1012.5 2 5
 20020803 1200 1012.9 2 5
 20020804 1200 1012.6 2 5
 20020805 1200 1012.3 2 5
 20020806 1200 1011.7 2 5
 20020807 1200 1011.4 2 5
 20020808 1200 1011.9 2 5
 20020809 1200 1011.5 2 5
 20020810 1200 1011.4 2 5
 20020811 1200 1011.9 2 5
 20020812 1200 1011.5 2 5
 20020813 1200 1010.0 2 5
 20020814 1200 1009.3 2 5
 20020815 1200 1009.2 2 5
 20020816 1200 1011.0 2 5
 20020817 1200 1011.9 2 5
 20020818 1200 1012.9 2 5
 20020819 1200 1011.5 2 5
 20020820 1200 1011.6 2 5
 20020821 1200 1012.1 2 5
 20020822 1200 1012.2 2 5
 20020823 1200 1012.1 2 5
 20020824 1200 1012.4 2 5
 20020825 1200 1013.9 2 5
 20020826 1200 1014.4 2 5
 20020827 1200 1014.1 2 5
 20020828 1200 1013.4 2 5
 20020829 1200 1012.4 2 5
 20020830 1200 1012.1 2 5
 20020831 1200 1013.0 2 5
 20020901 1200 1012.7 2 5
 20020902 1200 1012.4 2 5
 20020903 1200 1012.0 2 5
 20020904 1200 1012.4 2 5
 20020905 1200 1013.1 2 5
 20020906 1200 1012.7 2 5
 20020907 1200 1012.8 2 5
 20020908 1200 1012.9 2 5
 20020909 1200 1013.0 2 5
 20020910 1200 1012.9 2 5
 20020911 1200 1012.7 2 5
 20020912 1200 1012.1 2 5
 20020913 1200 1012.3 2 5
 20020914 1200 1012.4 2 5
 20020915 1200 1013.3 2 5
 20020916 1200 1013.0 2 5
 20020917 1200 1013.8 2 5
 20020918 1200 1014.4 2 5
 20020919 1200 1013.9 2 5
 20020920 1200 1013.0 2 5
 20020921 1200 1012.7 2 5
 20020922 1200 1013.3 2 5
 20020923 1200 1013.3 2 5
 20020924 1200 1012.5 2 5
 20020925 1200 1012.4 2 5
 20020926 1200 1012.1 2 5
 20020927 1200 1011.9 2 5
 20020928 1200 1012.5 2 5
 20020929 1200 1013.1 2 5
 20020930 1200 1013.4 2 5
 20021001 1200 1012.7 2 5
 20021002 1200 1011.7 2 5
 20021003 1200 1010.9 2 5
 20021004 1200 1009.9 2 5
 20021005 1200 1010.0 2 5
 20021006 1200 1010.9 2 5
 20021007 1200 1010.9 2 5
 20021008 1200 1010.2 2 5
 20021009 1200 1009.6 2 5
 20021010 1200 1009.8 2 5
 20021011 1200 1010.8 2 5
 20021012 1200 1012.0 2 5
 20021013 1200 1012.6 2 5
 20021014 1200 1012.3 2 5
 20021015 1200 1011.8 2 5
 20021016 1200 1011.9 2 5
 20021017 1200 1012.4 2 5
 20021018 1200 1012.2 2 5
 20021019 1200 1011.2 2 5
 20021020 1200 1011.2 2 5
 20021021 1200 1011.4 2 5
 20021022 1200 1012.5 2 5
 20021023 1200 1012.7 2 5
 20021024 1200 1012.7 2 5
 20021025 1200 1011.6 2 5
 20021026 1200 1012.7 2 5
 20021027 1200 1012.9 2 5
 20021028 1200 1013.3 2 5
 20021029 1200 1013.0 2 5
 20021030 1200 1012.1 2 5
 20021031 1200 1011.5 2 5
 20021101 1200 1012.6 2 5
 20021102 1200 1012.5 2 5
 20021103 1200 1012.7 2 5
 20021104 1200 1013.6 2 5
 20021105 1200 1013.9 2 5
 20021106 1200 1013.6 2 5
 20021107 1200 1014.3 2 5
 20021108 1200 1013.3 2 5
 20021109 1200 1012.7 2 5
 20021110 1200 1011.4 2 5
 20021111 1200 1011.5 2 5
 20021112 1200 1011.8 2 5
 20021113 1200 1011.7 2 5
 20021114 1200 1011.5 2 5
 20021115 1200 1010.0 2 5
 20021116 1200 1010.2 2 5
 20021117 1200 1011.2 2 5
 20021118 1200 1011.1 2 5
 20021119 1200 1010.4 2 5
 20021120 1200 1010.0 2 5
 20021121 1200 1010.4 2 5
 20021122 1200 1010.0 2 5
 20021123 1200 1011.1 2 5
 20021124 1200 1010.6 2 5
 20021125 1200 1009.6 2 5
 20021126 1200 1009.9 2 5
 20021127 1200 1008.6 2 5
 20021128 1200 1008.5 2 5
 20021129 1200 1009.2 2 5
 20021130 1200 1009.8 2 5
 20021201 1200 1008.8 2 5
 20021202 1200 1008.0 2 5
 20021203 1200 1008.8 2 5
 20021204 1200 1010.0 2 5
 20021205 1200 1010.3 2 5
 20021206 1200 1010.6 2 5
 20021207 1200 1012.0 2 5
 20021208 1200 1012.1 2 5
 20021209 1200 1011.6 2 5
 20021210 1200 1011.5 2 5
 20021211 1200 1011.3 2 5
 20021212 1200 1011.5 2 5
 20021213 1200 1011.4 2 5
 20021214 1200 1012.9 2 5
 20021215 1200 1014.8 2 5
 20021216 1200 1014.1 2 5
 20021217 1200 1012.1 2 5
 20021218 1200 1011.4 2 5
 20021219 1200 1011.9 2 5
 20021220 1200 1011.8 2 5
 20021221 1200 1011.9 2 5
 20021222 1200 1011.7 2 5
 20021223 1200 1011.6 2 5
 20021224 1200 1011.7 2 5
 20021225 1200 1010.8 2 5
 20021226 1200 1011.3 2 5
 20021227 1200 1010.7 2 5
 20021228 1200 1010.4 2 5
 20021229 1200 1010.4 2 5
 20021230 1200 1010.8 2 5
 20021231 1200 1011.2 2 5
 20030101 1200 1009.6 2 5
 20030102 1200 1009.8 2 5
 20030103 1200 1010.2 2 5
 20030104 1200 1010.6 2 5
 20030105 1200 1010.6 2 5
 20030106 1200 1009.6 2 5
 20030107 1200 1010.1 2 5
 20030108 1200 1011.0 2 5
 20030109 1200 1010.6 2 5
 20030110 1200 1010.2 2 5
 20030111 1200 1011.1 2 5
 20030112 1200 1011.6 2 5
 20030113 1200 1011.9 2 5
 20030114 1200 1011.7 2 5
 20030115 1200 1011.1 2 5
 20030116 1200 1011.1 2 5
 20030117 1200 1012.4 2 5
 20030118 1200 1012.7 2 5
 20030119 1200 1013.8 2 5
 20030120 1200 1013.3 2 5
 20030121 1200 1012.0 2 5
 20030122 1200 1011.6 2 5
 20030123 1200 1011.1 2 5
 20030124 1200 1010.5 2 5
 20030125 1200 1010.3 2 5
 20030126 1200 1010.2 2 5
 20030127 1200 1010.0 2 5
 20030128 1200 1009.5 2 5
 20030129 1200 1010.3 2 5
 20030130 1200 1011.9 2 5
 20030131 1200 1011.4 2 5
 20030201 1200 1010.8 2 5
 20030202 1200 1009.1 2 5
 20030203 1200 1008.0 2 5
 20030204 1200 1007.8 2 5
 20030205 1200 1007.3 2 5
 20030206 1200 1008.4 2 5
 20030207 1200 1009.7 2 5
 20030208 1200 1010.3 2 5
 20030209 1200 1010.5 2 5
 20030210 1200 1009.3 2 5
 20030211 1200 1008.9 2 5
 20030212 1200 1009.1 2 5
 20030213 1200 1010.3 2 5
 20030214 1200 1010.7 2 5
 20030215 1200 1009.5 2 5
 20030216 1200 1009.0 2 5
 20030217 1200 1009.6 2 5
 20030218 1200 1010.7 2 5
 20030219 1200 1011.8 2 5
 20030220 1200 1010.9 2 5
 20030221 1200 1009.8 2 5
 20030222 1200 1009.1 2 5
 20030223 1200 1009.2 2 5
 20030224 1200 1010.4 2 5
 20030225 1200 1012.1 2 5
 20030226 1200 1012.3 2 5
 20030227 1200 1012.1 2 5
 20030228 1200 1010.4 2 5
 20030301 1200 1010.2 2 5
 20030302 1200 1009.9 2 5
 20030303 1200 1008.7 2 5
 20030304 1200 1007.8 2 5
 20030305 1200 1008.2 2 5
 20030306 1200 1007.5 2 5
 20030307 1200 1007.2 2 5
 20030308 1200 1007.4 2 5
 20030309 1200 1007.9 2 5
 20030310 1200 1008.3 2 5
 20030311 1200 1007.8 2 5
 20030312 1200 1008.6 2 5
 20030313 1200 1010.3 2 5
 20030314 1200 1011.7 2 5
 20030315 1200 1011.6 2 5
 20030316 1200 1011.8 2 5
 20030317 1200 1012.3 2 5
 20030318 1200 1012.0 2 5
 20030319 1200 1012.0 2 5
 20030320 1200 1012.4 2 5
 20030321 1200 1010.9 2 5
 20030322 1200 1010.7 2 5
 20030323 1200 1011.2 2 5
 20030324 1200 1011.9 2 5
 20030325 1200 1012.2 2 5
 20030326 1200 1010.9 2 5
 20030327 1200 1010.0 2 5
 20030328 1200 1009.8 2 5
 20030329 1200 1010.3 2 5
 20030330 1200 1009.8 2 5
 20030331 1200 1009.1 2 5
 20030401 1200 1008.5 2 5
 20030402 1200 1008.6 2 5
 20030403 1200 1009.6 2 5
 20030404 1200 1009.1 2 5
 20030405 1200 1008.6 2 5
 20030406 1200 1008.6 2 5
 20030407 1200 1008.5 2 5
 20030408 1200   -9.9 0 0
 20030409 1200 1009.4 2 1
 20030410 1200 1009.5 2 1
 20030411 1200 1011.3 2 1
 20030412 1200 1012.2 2 1
 20030413 1200 1013.0 2 1
 20030414 1200 1013.6 2 1
 20030415 1200 1013.3 2 1
 20030416 1200 1012.2 2 1
 20030417 1200 1010.5 2 1
 20030418 1200 1010.9 2 1
 20030419 1200 1010.4 2 1
 20030420 1200 1010.7 2 1
 20030421 1200 1011.2 2 1
 20030422 1200 1010.6 2 1
 20030423 1200 1010.5 2 1
 20030424 1200 1010.9 2 1
 20030425 1200 1010.8 2 1
 20030426 1200 1010.9 2 1
 20030427 1200 1011.1 2 1
 20030428 1200 1012.1 2 1
 20030429 1200 1011.7 2 1
 20030430 1200 1011.5 2 1
 20030501 1200 1012.3 2 1
 20030502 1200 1012.4 2 1
 20030503 1200 1011.4 2 1
 20030504 1200 1011.3 2 1
 20030505 1200 1011.0 2 1
 20030506 1200 1010.3 2 1
 20030507 1200 1011.5 2 1
 20030508 1200 1011.4 2 1
 20030509 1200 1011.3 2 1
 20030510 1200 1011.5 2 1
 20030511 1200 1011.2 2 1
 20030512 1200 1010.7 2 1
 20030513 1200 1010.2 2 1
 20030514 1200 1009.8 2 1
 20030515 1200 1009.7 2 1
 20030516 1200 1010.2 2 1
 20030517 1200 1011.2 2 1
 20030518 1200 1011.2 2 1
 20030519 1200 1011.0 2 1
 20030520 1200 1011.1 2 1
 20030521 1200 1010.7 2 1
 20030522 1200 1010.3 2 1
 20030523 1200 1011.6 2 1
 20030524 1200 1011.8 2 1
 20030525 1200 1012.0 2 1
 20030526 1200 1012.4 2 1
 20030527 1200 1012.8 2 1
 20030528 1200 1013.5 2 1
 20030529 1200 1013.0 2 1
 20030530 1200 1012.3 2 1
 20030531 1200 1012.8 2 1
 20030601 1200 1012.8 2 1
 20030602 1200 1013.1 2 1
 20030603 1200 1012.8 2 1
 20030604 1200 1012.6 2 1
 20030605 1200 1012.7 2 1
 20030606 1200 1012.2 2 1
 20030607 1200 1011.7 2 1
 20030608 1200 1011.3 2 1
 20030609 1200 1011.6 2 1
 20030610 1200 1014.1 2 1
 20030611 1200 1014.0 2 1
 20030612 1200 1013.0 2 1
 20030613 1200 1011.8 2 1
 20030614 1200 1011.6 2 1
 20030615 1200 1012.5 2 1
 20030616 1200 1013.3 2 1
 20030617 1200 1012.8 2 1
 20030618 1200 1012.3 2 1
 20030619 1200 1011.8 2 1
 20030620 1200 1012.4 2 1
 20030621 1200 1013.4 2 1
 20030622 1200 1013.4 2 1
 20030623 1200 1012.8 2 1
 20030624 1200 1010.6 2 1
 20030625 1200 1010.4 2 1
 20030626 1200 1012.1 2 1
 Time: 1200  6 Apr 2004 to 1200 13 Oct 2004 (index  1093 to  1283,  191 times)
 Depth (M):        -3 QUALITY and SOURCE
 YYYYMMDD HHMM    SLP Q S
 20040406 1200 1010.0 2 1
 20040407 1200 1009.9 2 1
 20040408 1200 1009.5 2 1
 20040409 1200 1010.3 2 1
 20040410 1200 1010.3 2 1
 20040411 1200 1009.2 2 1
 20040412 1200 1009.8 2 1
 20040413 1200 1011.4 2 1
 20040414 1200 1011.9 2 1
 20040415 1200 1011.3 2 1
 20040416 1200 1011.0 2 1
 20040417 1200 1010.1 2 1
 20040418 1200 1010.3 2 1
 20040419 1200 1011.0 2 1
 20040420 1200 1010.5 2 1
 20040421 1200 1010.9 2 1
 20040422 1200 1012.2 2 1
 20040423 1200 1012.0 2 1
 20040424 1200 1011.0 2 1
 20040425 1200 1010.7 2 1
 20040426 1200 1011.3 2 1
 20040427 1200 1010.3 2 1
 20040428 1200 1009.9 2 1
 20040429 1200 1010.1 2 1
 20040430 1200 1010.5 2 1
 20040501 1200 1009.9 2 1
 20040502 1200 1009.7 2 1
 20040503 1200 1010.8 2 1
 20040504 1200 1010.8 2 1
 20040505 1200 1010.8 2 1
 20040506 1200 1010.2 2 1
 20040507 1200 1010.4 2 1
 20040508 1200 1011.1 2 1
 20040509 1200 1010.8 2 1
 20040510 1200 1010.2 2 1
 20040511 1200 1009.0 2 1
 20040512 1200 1009.9 2 1
 20040513 1200 1008.8 2 1
 20040514 1200 1009.3 2 1
 20040515 1200 1011.0 2 1
 20040516 1200 1011.3 2 1
 20040517 1200 1012.3 2 1
 20040518 1200 1013.1 2 1
 20040519 1200 1013.4 2 1
 20040520 1200 1013.4 2 1
 20040521 1200 1014.0 2 1
 20040522 1200 1013.7 2 1
 20040523 1200 1012.1 2 1
 20040524 1200 1012.1 2 1
 20040525 1200 1013.1 2 1
 20040526 1200 1013.5 2 1
 20040527 1200 1013.6 2 1
 20040528 1200 1013.5 2 1
 20040529 1200 1012.4 2 1
 20040530 1200 1012.2 2 1
 20040531 1200 1011.8 2 1
 20040601 1200 1011.0 2 1
 20040602 1200 1011.2 2 1
 20040603 1200 1010.9 2 1
 20040604 1200 1011.8 2 1
 20040605 1200 1012.2 2 1
 20040606 1200 1010.8 2 1
 20040607 1200 1010.6 2 1
 20040608 1200 1011.9 2 1
 20040609 1200 1012.6 2 1
 20040610 1200 1012.0 2 1
 20040611 1200 1011.8 2 1
 20040612 1200 1011.7 2 1
 20040613 1200 1012.3 2 1
 20040614 1200 1012.3 2 1
 20040615 1200 1010.6 2 1
 20040616 1200 1010.9 2 1
 20040617 1200 1011.3 2 1
 20040618 1200 1012.6 2 1
 20040619 1200 1013.1 2 1
 20040620 1200 1012.7 2 1
 20040621 1200 1011.4 2 1
 20040622 1200 1010.9 2 1
 20040623 1200 1011.9 2 1
 20040624 1200 1012.6 2 1
 20040625 1200 1012.8 2 1
 20040626 1200 1011.9 2 1
 20040627 1200 1011.7 2 1
 20040628 1200 1012.6 2 1
 20040629 1200 1013.5 2 1
 20040630 1200 1012.2 2 1
 20040701 1200 1012.9 2 1
 20040702 1200 1012.8 2 1
 20040703 1200 1013.3 2 1
 20040704 1200 1012.7 2 1
 20040705 1200 1012.5 2 1
 20040706 1200 1013.1 2 1
 20040707 1200 1013.4 2 1
 20040708 1200 1012.3 2 1
 20040709 1200 1011.9 2 1
 20040710 1200 1012.7 2 1
 20040711 1200   -9.9 0 0
 20040712 1200 1011.7 2 1
 20040713 1200 1011.7 2 1
 20040714 1200 1012.3 2 1
 20040715 1200 1012.2 2 1
 20040716 1200 1012.6 2 1
 20040717 1200 1012.8 2 1
 20040718 1200 1013.0 2 1
 20040719 1200 1013.6 2 1
 20040720 1200 1013.6 2 1
 20040721 1200 1013.2 2 1
 20040722 1200 1012.8 2 1
 20040723 1200 1012.8 2 1
 20040724 1200 1012.7 2 1
 20040725 1200 1013.1 2 1
 20040726 1200 1013.0 2 1
 20040727 1200 1012.9 2 1
 20040728 1200 1013.3 2 1
 20040729 1200 1012.8 2 1
 20040730 1200 1011.9 2 1
 20040731 1200 1011.1 2 1
 20040801 1200 1012.1 2 1
 20040802 1200 1013.3 2 1
 20040803 1200 1013.2 2 1
 20040804 1200 1012.6 2 1
 20040805 1200 1012.3 2 1
 20040806 1200 1011.8 2 1
 20040807 1200 1010.4 2 1
 20040808 1200 1011.8 2 1
 20040809 1200 1013.4 2 1
 20040810 1200 1013.3 2 1
 20040811 1200 1012.7 2 1
 20040812 1200 1012.1 2 1
 20040813 1200 1012.2 2 1
 20040814 1200 1012.5 2 1
 20040815 1200 1013.3 2 1
 20040816 1200 1013.8 2 1
 20040817 1200 1013.1 2 1
 20040818 1200 1012.4 2 1
 20040819 1200 1012.7 2 1
 20040820 1200 1013.8 2 1
 20040821 1200 1014.1 2 1
 20040822 1200 1013.8 2 1
 20040823 1200 1014.2 2 1
 20040824 1200 1013.3 2 1
 20040825 1200 1013.1 2 1
 20040826 1200 1013.3 2 1
 20040827 1200 1013.9 2 1
 20040828 1200 1013.5 2 1
 20040829 1200 1013.1 2 1
 20040830 1200 1012.8 2 1
 20040831 1200 1012.8 2 1
 20040901 1200 1012.5 2 1
 20040902 1200 1012.5 2 1
 20040903 1200 1012.4 2 1
 20040904 1200 1013.7 2 1
 20040905 1200 1013.9 2 1
 20040906 1200 1014.3 2 1
 20040907 1200 1013.8 2 1
 20040908 1200 1012.6 2 1
 20040909 1200 1011.3 2 1
 20040910 1200 1012.0 2 1
 20040911 1200 1012.7 2 1
 20040912 1200 1013.0 2 1
 20040913 1200 1013.3 2 1
 20040914 1200 1013.5 2 1
 20040915 1200 1014.1 2 1
 20040916 1200 1013.9 2 1
 20040917 1200 1013.9 2 1
 20040918 1200 1013.5 2 1
 20040919 1200 1013.6 2 1
 20040920 1200 1013.4 2 1
 20040921 1200 1013.3 2 1
 20040922 1200 1013.1 2 1
 20040923 1200 1013.2 2 1
 20040924 1200 1013.6 2 1
 20040925 1200 1013.4 2 1
 20040926 1200 1012.3 2 1
 20040927 1200 1012.8 2 1
 20040928 1200 1013.1 2 1
 20040929 1200 1012.9 2 1
 20040930 1200 1012.6 2 1
 20041001 1200 1011.0 2 1
 20041002 1200 1011.5 2 1
 20041003 1200 1012.3 2 1
 20041004 1200 1012.5 2 1
 20041005 1200 1012.9 2 1
 20041006 1200 1013.4 2 1
 20041007 1200 1013.0 2 1
 20041008 1200 1012.4 2 1
 20041009 1200 1012.7 2 1
 20041010 1200 1013.2 2 1
 20041011 1200 1013.1 2 1
 20041012 1200 1013.6 2 1
 20041013 1200 1011.8 2 1
 Time: 1200 20 Nov 2004 to 1200 30 May 2006 (index  1321 to  1877,  557 times)
 Depth (M):        -3 QUALITY and SOURCE
 YYYYMMDD HHMM    SLP Q S
 20041120 1200 1011.3 2 5
 20041121 1200 1011.1 2 5
 20041122 1200 1012.2 2 5
 20041123 1200 1012.4 2 5
 20041124 1200 1012.8 2 5
 20041125 1200 1012.8 2 5
 20041126 1200 1011.8 2 5
 20041127 1200 1011.4 2 5
 20041128 1200 1010.6 2 5
 20041129 1200 1010.6 2 5
 20041130 1200 1010.9 2 5
 20041201 1200 1011.0 2 5
 20041202 1200 1009.3 2 5
 20041203 1200 1009.3 2 5
 20041204 1200 1009.5 2 5
 20041205 1200 1011.1 2 5
 20041206 1200 1011.8 2 5
 20041207 1200 1012.1 2 5
 20041208 1200 1012.3 2 5
 20041209 1200 1012.2 2 5
 20041210 1200 1011.3 2 5
 20041211 1200 1011.2 2 5
 20041212 1200 1011.1 2 5
 20041213 1200 1010.9 2 5
 20041214 1200 1012.3 2 5
 20041215 1200 1012.9 2 5
 20041216 1200 1012.7 2 5
 20041217 1200 1011.4 2 5
 20041218 1200 1010.6 2 5
 20041219 1200 1011.3 2 5
 20041220 1200 1011.5 2 5
 20041221 1200 1010.6 2 5
 20041222 1200 1009.8 2 5
 20041223 1200 1010.2 2 5
 20041224 1200 1010.9 2 5
 20041225 1200 1010.6 2 5
 20041226 1200 1010.8 2 5
 20041227 1200 1011.0 2 5
 20041228 1200 1012.1 2 5
 20041229 1200 1011.5 2 5
 20041230 1200 1010.7 2 5
 20041231 1200 1011.2 2 5
 20050101 1200 1010.7 2 5
 20050102 1200 1010.2 2 5
 20050103 1200 1011.4 2 5
 20050104 1200 1010.9 2 5
 20050105 1200 1010.2 2 5
 20050106 1200 1010.0 2 5
 20050107 1200 1009.7 2 5
 20050108 1200 1010.1 2 5
 20050109 1200 1010.8 2 5
 20050110 1200 1011.4 2 5
 20050111 1200 1011.1 2 5
 20050112 1200 1010.1 2 5
 20050113 1200 1010.6 2 5
 20050114 1200 1012.9 2 5
 20050115 1200 1013.4 2 5
 20050116 1200 1013.1 2 5
 20050117 1200 1012.2 2 5
 20050118 1200 1011.0 2 5
 20050119 1200 1012.2 2 5
 20050120 1200 1013.2 2 5
 20050121 1200 1013.2 2 5
 20050122 1200 1013.1 2 5
 20050123 1200 1012.5 2 5
 20050124 1200 1012.2 2 5
 20050125 1200 1011.1 2 5
 20050126 1200 1010.6 2 5
 20050127 1200 1010.6 2 5
 20050128 1200 1010.7 2 5
 20050129 1200 1010.7 2 5
 20050130 1200 1009.2 2 5
 20050131 1200 1008.5 2 5
 20050201 1200 1008.9 2 5
 20050202 1200 1009.0 2 5
 20050203 1200 1008.5 2 5
 20050204 1200 1008.6 2 5
 20050205 1200 1008.4 2 5
 20050206 1200 1009.6 2 5
 20050207 1200 1010.1 2 5
 20050208 1200 1009.7 2 5
 20050209 1200 1008.5 2 5
 20050210 1200 1008.9 2 5
 20050211 1200 1010.7 2 5
 20050212 1200 1011.2 2 5
 20050213 1200 1011.3 2 5
 20050214 1200 1011.1 2 5
 20050215 1200 1010.9 2 5
 20050216 1200 1010.1 2 5
 20050217 1200 1007.6 2 5
 20050218 1200 1008.1 2 5
 20050219 1200 1010.3 2 5
 20050220 1200 1010.5 2 5
 20050221 1200 1010.4 2 5
 20050222 1200 1009.8 2 5
 20050223 1200 1010.2 2 5
 20050224 1200 1009.1 2 5
 20050225 1200 1009.3 2 5
 20050226 1200 1009.4 2 5
 20050227 1200 1011.0 2 5
 20050228 1200 1011.8 2 5
 20050301 1200 1011.9 2 5
 20050302 1200 1012.9 2 5
 20050303 1200 1013.4 2 5
 20050304 1200 1012.9 2 5
 20050305 1200 1014.0 2 5
 20050306 1200 1015.5 2 5
 20050307 1200 1013.9 2 5
 20050308 1200 1013.8 2 5
 20050309 1200 1012.1 2 5
 20050310 1200 1010.2 2 5
 20050311 1200 1010.4 2 5
 20050312 1200 1011.2 2 5
 20050313 1200 1011.1 2 5
 20050314 1200 1010.7 2 5
 20050315 1200 1009.5 2 5
 20050316 1200 1009.2 2 5
 20050317 1200 1010.6 2 5
 20050318 1200 1010.9 2 5
 20050319 1200 1010.7 2 5
 20050320 1200 1010.6 2 5
 20050321 1200 1010.1 2 5
 20050322 1200 1009.6 2 5
 20050323 1200 1010.3 2 5
 20050324 1200 1011.5 2 5
 20050325 1200 1012.0 2 5
 20050326 1200 1011.1 2 5
 20050327 1200 1010.5 2 5
 20050328 1200 1010.6 2 5
 20050329 1200 1011.6 2 5
 20050330 1200 1010.5 2 5
 20050331 1200 1010.1 2 5
 20050401 1200 1010.1 2 5
 20050402 1200 1009.5 2 5
 20050403 1200 1009.5 2 5
 20050404 1200 1010.2 2 5
 20050405 1200 1010.1 2 5
 20050406 1200 1009.9 2 5
 20050407 1200 1009.9 2 5
 20050408 1200 1009.6 2 5
 20050409 1200 1009.8 2 5
 20050410 1200 1009.6 2 5
 20050411 1200 1008.5 2 5
 20050412 1200 1007.2 2 5
 20050413 1200 1007.1 2 5
 20050414 1200 1007.6 2 5
 20050415 1200 1007.1 2 5
 20050416 1200 1008.9 2 5
 20050417 1200 1009.8 2 5
 20050418 1200 1010.4 2 5
 20050419 1200 1010.2 2 5
 20050420 1200 1009.9 2 5
 20050421 1200 1009.9 2 5
 20050422 1200 1010.6 2 5
 20050423 1200 1011.1 2 5
 20050424 1200 1011.4 2 5
 20050425 1200 1011.1 2 5
 20050426 1200 1011.1 2 5
 20050427 1200 1012.2 2 5
 20050428 1200 1012.6 2 5
 20050429 1200 1011.8 2 5
 20050430 1200 1012.5 2 5
 20050501 1200 1012.3 2 5
 20050502 1200 1012.3 2 5
 20050503 1200 1012.1 2 5
 20050504 1200 1011.5 2 5
 20050505 1200 1010.8 2 5
 20050506 1200 1010.2 2 5
 20050507 1200 1010.4 2 5
 20050508 1200 1009.9 2 5
 20050509 1200 1008.6 2 5
 20050510 1200 1008.3 2 5
 20050511 1200 1007.8 2 5
 20050512 1200 1008.2 2 5
 20050513 1200 1009.6 2 5
 20050514 1200 1009.7 2 5
 20050515 1200 1010.7 2 5
 20050516 1200 1011.3 2 5
 20050517 1200 1011.4 2 5
 20050518 1200 1010.7 2 5
 20050519 1200 1010.6 2 5
 20050520 1200 1010.7 2 5
 20050521 1200 1011.2 2 5
 20050522 1200 1011.8 2 5
 20050523 1200 1011.3 2 5
 20050524 1200 1011.6 2 5
 20050525 1200 1011.3 2 5
 20050526 1200 1011.2 2 5
 20050527 1200 1011.1 2 5
 20050528 1200 1010.4 2 5
 20050529 1200 1011.2 2 5
 20050530 1200 1011.4 2 5
 20050531 1200 1011.2 2 5
 20050601 1200 1011.1 2 5
 20050602 1200 1010.4 2 5
 20050603 1200 1010.6 2 5
 20050604 1200 1012.0 2 5
 20050605 1200 1011.5 2 5
 20050606 1200 1011.3 2 5
 20050607 1200 1011.7 2 5
 20050608 1200 1011.0 2 5
 20050609 1200 1011.1 2 5
 20050610 1200 1011.3 2 5
 20050611 1200 1010.4 2 5
 20050612 1200 1011.1 2 5
 20050613 1200 1011.6 2 5
 20050614 1200 1010.7 2 5
 20050615 1200 1010.8 2 5
 20050616 1200 1012.0 2 5
 20050617 1200 1012.7 2 5
 20050618 1200 1011.5 2 5
 20050619 1200 1011.2 2 5
 20050620 1200 1011.8 2 5
 20050621 1200 1012.3 2 5
 20050622 1200 1012.5 2 5
 20050623 1200 1012.4 2 5
 20050624 1200 1012.1 2 5
 20050625 1200 1012.2 2 5
 20050626 1200 1012.6 2 5
 20050627 1200 1013.7 2 5
 20050628 1200 1011.9 2 5
 20050629 1200 1012.4 2 5
 20050630 1200 1013.0 2 5
 20050701 1200 1013.4 2 5
 20050702 1200 1012.6 2 5
 20050703 1200 1012.4 2 5
 20050704 1200 1013.3 2 5
 20050705 1200 1013.8 2 5
 20050706 1200 1012.3 2 5
 20050707 1200 1012.1 2 5
 20050708 1200 1012.6 2 5
 20050709 1200 1012.6 2 5
 20050710 1200 1012.4 2 5
 20050711 1200 1012.7 2 5
 20050712 1200 1013.9 2 5
 20050713 1200 1014.5 2 5
 20050714 1200 1013.0 2 5
 20050715 1200 1012.0 2 5
 20050716 1200 1011.8 2 5
 20050717 1200 1011.5 2 5
 20050718 1200 1011.9 2 5
 20050719 1200 1011.8 2 5
 20050720 1200 1011.8 2 5
 20050721 1200 1011.7 2 5
 20050722 1200 1011.4 2 5
 20050723 1200 1012.2 2 5
 20050724 1200 1011.8 2 5
 20050725 1200 1011.1 2 5
 20050726 1200 1010.5 2 5
 20050727 1200 1011.0 2 5
 20050728 1200 1010.6 2 5
 20050729 1200 1011.1 2 5
 20050730 1200 1012.0 2 5
 20050731 1200 1011.5 2 5
 20050801 1200 1012.2 2 5
 20050802 1200 1012.0 2 5
 20050803 1200 1011.6 2 5
 20050804 1200 1011.2 2 5
 20050805 1200 1011.8 2 5
 20050806 1200 1012.3 2 5
 20050807 1200 1013.0 2 5
 20050808 1200 1013.1 2 5
 20050809 1200 1012.9 2 5
 20050810 1200 1013.3 2 5
 20050811 1200 1013.9 2 5
 20050812 1200 1015.0 2 5
 20050813 1200 1014.4 2 5
 20050814 1200 1013.8 2 5
 20050815 1200 1014.9 2 5
 20050816 1200 1014.1 2 5
 20050817 1200 1013.5 2 5
 20050818 1200 1012.4 2 5
 20050819 1200 1012.5 2 5
 20050820 1200 1013.8 2 5
 20050821 1200 1013.4 2 5
 20050822 1200 1013.3 2 5
 20050823 1200 1013.4 2 5
 20050824 1200 1012.8 2 5
 20050825 1200 1013.9 2 5
 20050826 1200 1014.0 2 5
 20050827 1200 1012.8 2 5
 20050828 1200 1011.1 2 5
 20050829 1200 1011.4 2 5
 20050830 1200 1012.3 2 5
 20050831 1200 1012.5 2 5
 20050901 1200 1012.8 2 5
 20050902 1200 1011.4 2 5
 20050903 1200 1011.9 2 5
 20050904 1200 1011.9 2 5
 20050905 1200 1012.1 2 5
 20050906 1200 1011.2 2 5
 20050907 1200 1010.9 2 5
 20050908 1200 1011.0 2 5
 20050909 1200 1010.9 2 5
 20050910 1200 1011.2 2 5
 20050911 1200 1013.3 2 5
 20050912 1200 1013.9 2 5
 20050913 1200 1014.1 2 5
 20050914 1200 1013.2 2 5
 20050915 1200 1012.9 2 5
 20050916 1200 1013.2 2 5
 20050917 1200 1012.5 2 5
 20050918 1200 1012.4 2 5
 20050919 1200 1013.3 2 5
 20050920 1200 1014.8 2 5
 20050921 1200 1014.9 2 5
 20050922 1200 1014.2 2 5
 20050923 1200 1014.2 2 5
 20050924 1200 1014.4 2 5
 20050925 1200 1014.9 2 5
 20050926 1200 1014.2 2 5
 20050927 1200 1013.4 2 5
 20050928 1200 1013.9 2 5
 20050929 1200 1014.4 2 5
 20050930 1200 1013.8 2 5
 20051001 1200 1013.3 2 5
 20051002 1200 1013.5 2 5
 20051003 1200 1012.8 2 5
 20051004 1200 1012.6 2 5
 20051005 1200 1012.4 2 5
 20051006 1200 1012.3 2 5
 20051007 1200 1014.0 2 5
 20051008 1200 1015.5 2 5
 20051009 1200 1015.6 2 5
 20051010 1200 1015.7 2 5
 20051011 1200 1014.9 2 5
 20051012 1200 1013.2 2 5
 20051013 1200 1013.1 2 5
 20051014 1200 1013.2 2 5
 20051015 1200 1013.0 2 5
 20051016 1200 1012.6 2 5
 20051017 1200 1011.5 2 5
 20051018 1200 1012.0 2 5
 20051019 1200 1012.6 2 5
 20051020 1200 1013.4 2 5
 20051021 1200 1013.9 2 5
 20051022 1200 1013.5 2 5
 20051023 1200 1012.5 2 5
 20051024 1200 1013.5 2 5
 20051025 1200 1014.4 2 5
 20051026 1200 1014.5 2 5
 20051027 1200 1013.7 2 5
 20051028 1200 1013.7 2 5
 20051029 1200 1013.3 2 5
 20051030 1200 1013.6 2 5
 20051031 1200 1013.7 2 5
 20051101 1200 1013.9 2 5
 20051102 1200 1013.8 2 5
 20051103 1200 1014.4 2 5
 20051104 1200 1013.5 2 5
 20051105 1200 1011.8 2 5
 20051106 1200 1011.5 2 5
 20051107 1200 1011.6 2 5
 20051108 1200 1011.6 2 5
 20051109 1200 1012.1 2 5
 20051110 1200 1012.8 2 5
 20051111 1200 1012.4 2 5
 20051112 1200 1011.7 2 5
 20051113 1200 1012.2 2 5
 20051114 1200 1012.3 2 5
 20051115 1200 1012.1 2 5
 20051116 1200 1011.9 2 5
 20051117 1200 1012.2 2 5
 20051118 1200 1012.0 2 5
 20051119 1200 1011.8 2 5
 20051120 1200 1012.9 2 5
 20051121 1200 1013.6 2 5
 20051122 1200 1014.7 2 5
 20051123 1200 1013.9 2 5
 20051124 1200 1012.7 2 5
 20051125 1200 1013.8 2 5
 20051126 1200 1012.0 2 5
 20051127 1200 1011.3 2 5
 20051128 1200 1011.0 2 5
 20051129 1200 1011.4 2 5
 20051130 1200 1011.3 2 5
 20051201 1200 1010.7 2 5
 20051202 1200 1011.4 2 5
 20051203 1200 1012.7 2 5
 20051204 1200 1013.5 2 5
 20051205 1200 1012.9 2 5
 20051206 1200 1012.2 2 5
 20051207 1200 1011.3 2 5
 20051208 1200 1010.8 2 5
 20051209 1200 1010.9 2 5
 20051210 1200 1010.9 2 5
 20051211 1200 1010.6 2 5
 20051212 1200 1010.9 2 5
 20051213 1200 1011.9 2 5
 20051214 1200 1012.1 2 5
 20051215 1200 1012.3 2 5
 20051216 1200 1011.4 2 5
 20051217 1200 1012.9 2 5
 20051218 1200 1013.8 2 5
 20051219 1200 1013.3 2 5
 20051220 1200 1013.4 2 5
 20051221 1200 1013.1 2 5
 20051222 1200 1013.1 2 5
 20051223 1200 1013.7 2 5
 20051224 1200 1014.0 2 5
 20051225 1200 1013.7 2 5
 20051226 1200 1014.0 2 5
 20051227 1200 1014.8 2 5
 20051228 1200 1014.5 2 5
 20051229 1200 1012.4 2 5
 20051230 1200 1011.9 2 5
 20051231 1200 1012.2 2 5
 20060101 1200 1012.8 2 5
 20060102 1200 1013.3 2 5
 20060103 1200 1013.3 2 5
 20060104 1200 1013.0 2 5
 20060105 1200 1013.2 2 5
 20060106 1200 1012.0 2 5
 20060107 1200 1011.4 2 5
 20060108 1200 1011.2 2 5
 20060109 1200 1011.2 2 5
 20060110 1200 1011.5 2 5
 20060111 1200 1010.5 2 5
 20060112 1200 1009.1 2 5
 20060113 1200 1009.7 2 5
 20060114 1200 1011.7 2 5
 20060115 1200 1013.0 2 5
 20060116 1200 1012.5 2 5
 20060117 1200 1012.8 2 5
 20060118 1200 1012.9 2 5
 20060119 1200 1011.6 2 5
 20060120 1200 1009.5 2 5
 20060121 1200 1008.6 2 5
 20060122 1200 1009.1 2 5
 20060123 1200 1008.4 2 5
 20060124 1200 1007.8 2 5
 20060125 1200 1009.4 2 5
 20060126 1200 1010.8 2 5
 20060127 1200 1011.8 2 5
 20060128 1200 1012.0 2 5
 20060129 1200 1011.5 2 5
 20060130 1200 1011.1 2 5
 20060131 1200 1011.2 2 5
 20060201 1200 1012.1 2 5
 20060202 1200 1011.8 2 5
 20060203 1200 1011.1 2 5
 20060204 1200 1011.4 2 5
 20060205 1200 1010.9 2 5
 20060206 1200 1011.2 2 5
 20060207 1200 1011.1 2 5
 20060208 1200 1011.4 2 5
 20060209 1200 1011.8 2 5
 20060210 1200 1011.9 2 5
 20060211 1200 1012.1 2 5
 20060212 1200 1011.8 2 5
 20060213 1200 1012.1 2 5
 20060214 1200 1011.5 2 5
 20060215 1200 1009.6 2 5
 20060216 1200 1009.1 2 5
 20060217 1200 1008.9 2 5
 20060218 1200 1009.1 2 5
 20060219 1200 1009.3 2 5
 20060220 1200 1009.8 2 5
 20060221 1200 1010.0 2 5
 20060222 1200 1009.0 2 5
 20060223 1200 1009.0 2 5
 20060224 1200 1009.3 2 5
 20060225 1200 1010.2 2 5
 20060226 1200 1011.2 2 5
 20060227 1200 1010.9 2 5
 20060228 1200 1010.3 2 5
 20060301 1200 1010.1 2 5
 20060302 1200 1010.5 2 5
 20060303 1200 1010.2 2 5
 20060304 1200 1009.4 2 5
 20060305 1200 1009.9 2 5
 20060306 1200 1011.8 2 5
 20060307 1200 1012.3 2 5
 20060308 1200 1012.1 2 5
 20060309 1200 1010.5 2 5
 20060310 1200 1009.2 2 5
 20060311 1200 1010.0 2 5
 20060312 1200 1011.0 2 5
 20060313 1200 1010.2 2 5
 20060314 1200 1009.1 2 5
 20060315 1200 1009.8 2 5
 20060316 1200 1010.9 2 5
 20060317 1200 1010.4 2 5
 20060318 1200 1009.7 2 5
 20060319 1200 1008.7 2 5
 20060320 1200 1008.3 2 5
 20060321 1200 1009.5 2 5
 20060322 1200 1010.0 2 5
 20060323 1200 1010.9 2 5
 20060324 1200 1010.9 2 5
 20060325 1200 1010.2 2 5
 20060326 1200 1009.7 2 5
 20060327 1200 1009.9 2 5
 20060328 1200 1010.6 2 5
 20060329 1200 1011.4 2 5
 20060330 1200 1010.8 2 5
 20060331 1200 1010.8 2 5
 20060401 1200 1010.7 2 5
 20060402 1200 1010.0 2 5
 20060403 1200 1010.0 2 5
 20060404 1200 1011.0 2 5
 20060405 1200 1011.3 2 5
 20060406 1200 1009.5 2 5
 20060407 1200 1009.1 2 5
 20060408 1200 1010.1 2 5
 20060409 1200 1009.8 2 5
 20060410 1200 1008.8 2 5
 20060411 1200 1009.1 2 5
 20060412 1200 1010.2 2 5
 20060413 1200 1010.2 2 5
 20060414 1200 1010.2 2 5
 20060415 1200 1009.7 2 5
 20060416 1200 1010.2 2 5
 20060417 1200 1010.9 2 5
 20060418 1200 1010.1 2 5
 20060419 1200 1009.1 2 5
 20060420 1200 1007.8 2 5
 20060421 1200 1007.9 2 5
 20060422 1200 1009.1 2 5
 20060423 1200 1009.5 2 5
 20060424 1200 1010.2 2 5
 20060425 1200 1011.2 2 5
 20060426 1200 1011.4 2 5
 20060427 1200 1010.8 2 5
 20060428 1200 1010.7 2 5
 20060429 1200 1010.7 2 5
 20060430 1200 1008.9 2 5
 20060501 1200 1009.0 2 5
 20060502 1200 1010.0 2 5
 20060503 1200 1010.8 2 5
 20060504 1200 1011.6 2 5
 20060505 1200 1011.4 2 5
 20060506 1200 1010.9 2 5
 20060507 1200 1011.1 2 5
 20060508 1200 1011.3 2 5
 20060509 1200 1010.8 2 5
 20060510 1200 1011.4 2 5
 20060511 1200 1011.3 2 5
 20060512 1200 1011.0 2 5
 20060513 1200 1010.7 2 5
 20060514 1200 1011.6 2 5
 20060515 1200 1012.8 2 5
 20060516 1200 1013.0 2 5
 20060517 1200 1012.7 2 5
 20060518 1200 1012.9 2 5
 20060519 1200 1013.3 2 5
 20060520 1200 1013.9 2 5
 20060521 1200 1013.1 2 5
 20060522 1200 1012.2 2 5
 20060523 1200 1012.3 2 5
 20060524 1200 1012.8 2 5
 20060525 1200 1012.5 2 5
 20060526 1200 1011.7 2 5
 20060527 1200 1011.8 2 5
 20060528 1200 1010.9 2 5
 20060529 1200 1011.8 2 5
 20060530 1200 1012.4 2 5
 Time: 1200 24 Nov 2006 to 1200 22 Dec 2006 (index  2055 to  2083,   29 times)
 Depth (M):        -3 QUALITY and SOURCE
 YYYYMMDD HHMM    SLP Q S
 20061124 1200 1011.0 2 1
 20061125 1200 1010.2 2 1
 20061126 1200 1010.6 2 1
 20061127 1200 1011.4 2 1
 20061128 1200 1011.3 2 1
 20061129 1200 1010.2 2 1
 20061130 1200 1010.5 2 1
 20061201 1200 1010.5 2 1
 20061202 1200 1009.7 2 1
 20061203 1200 1009.4 2 1
 20061204 1200 1009.3 2 1
 20061205 1200 1010.1 2 1
 20061206 1200 1011.4 2 1
 20061207 1200 1012.9 2 1
 20061208 1200 1013.6 2 1
 20061209 1200 1012.8 2 1
 20061210 1200 1013.0 2 1
 20061211 1200 1013.4 2 1
 20061212 1200 1013.8 2 1
 20061213 1200 1013.9 2 1
 20061214 1200 1013.0 2 1
 20061215 1200 1011.0 2 1
 20061216 1200 1010.2 2 1
 20061217 1200 1010.8 2 1
 20061218 1200 1011.2 2 1
 20061219 1200 1012.1 2 1
 20061220 1200 1012.3 2 1
 20061221 1200 1012.3 2 1
 20061222 1200 1011.8 2 1
