-90
-89
-88
-87
-86
-85
-84
-83
-82
-81
-80
-79
-78
-77
-76
-75
-74
-73
-72
-71
-70
-69
-68
-67
-66
-65
-64
-63
-62
-61
-60
-59
-58
-57
-56
-55
-54
-53
-52
-51
-50
-49
-48
-47
-46
-45
-44
-43
-42
-41
-40
-39
-38
-37
-36
-35
-34
-33
-32
-31
-30.002
-29.007
-28.017
-27.033
-26.056
-25.088
-24.13
-23.185
-22.252
-21.333
-20.43
-19.544
-18.674
-17.824
-16.992
-16.18
-15.39
-14.62
-13.872
-13.146
-12.443
-11.762
-11.103
-10.467
-9.8532
-9.2615
-8.6915
-8.1427
-7.6147
-7.1066
-6.6178
-6.1473
-5.6944
-5.2579
-4.8369
-4.43
-4.0361
-3.6539
-3.2821
-2.9193
-2.564
-2.2148
-1.8702
-1.5287
-1.1887
-0.84906
-0.50943
-0.16981
0.16981
0.50944
0.84906
1.1887
1.5287
1.8702
2.2148
2.564
2.9193
3.2821
3.6539
4.0361
4.43
4.8369
5.2579
5.6944
6.1474
6.6178
7.1066
7.6147
8.1428
8.6915
9.2615
9.8532
10.467
11.103
11.762
12.443
13.146
13.872
14.62
15.39
16.18
16.992
17.824
18.674
19.544
20.43
21.333
22.252
23.185
24.13
25.088
26.056
27.033
28.017
29.007
30.002
31
32
33
34
35
36
37
38
39
40
41
42
43
44
45
46
47
48
49
50
51
52
53
54
55
56
57
58
59
60
61
62
63
64
65
66
67
68
69
70
71
72
73
74
75
76
77
78
79
80
81
82
83
84
85
86
87
88
89
90
