 Location:  2N 137E  16 May 1992 to 16 Jul 2013 (  255 times,  6 blocks) Gen. Date Feb 16 2014
 Units: Air Temperature (C), -9.99 = missing
 Time: 1200 16 May 1992 to 1200 16 May 1993 (index     1 to    13,   13 times)
 Depth (M):       -3 QUALITY
 YYYYMMDD HHMM  AIRT Q
 19920516 1200 28.65 4
 19920616 1200 28.63 4
 19920716 1200 28.08 4
 19920816 1200 28.44 4
 19920916 1200 28.88 4
 19921016 1200 28.66 4
 19921116 1200 28.72 4
 19921216 1200 28.22 4
 19930116 1200 27.89 4
 19930215 1200 27.81 4
 19930316 1200 28.14 4
 19930416 1200 28.31 4
 19930516 1200 28.08 2
 Time: 1200 16 May 1994 to 1200 16 Mar 1999 (index    25 to    83,   59 times)
 Depth (M):       -3 QUALITY
 YYYYMMDD HHMM  AIRT Q
 19940516 1200 28.52 2
 19940616 1200 28.07 2
 19940716 1200 28.16 2
 19940816 1200 27.90 2
 19940916 1200 28.05 2
 19941016 1200 28.85 2
 19941116 1200 29.01 2
 19941216 1200 28.52 2
 19950116 1200 28.26 2
 19950215 1200 27.86 2
 19950316 1200 27.70 2
 19950416 1200 28.57 2
 19950516 1200 28.85 2
 19950616 1200 28.46 2
 19950716 1200 28.67 2
 19950816 1200 28.83 2
 19950916 1200 28.11 4
 19951016 1200 28.72 4
 19951116 1200 28.66 4
 19951216 1200 -9.99 0
 19960116 1200 -9.99 0
 19960215 1200 -9.99 0
 19960316 1200 28.08 1
 19960416 1200 -9.99 0
 19960516 1200 -9.99 0
 19960616 1200 -9.99 0
 19960716 1200 28.44 2
 19960816 1200 28.14 2
 19960916 1200 28.58 2
 19961016 1200 -9.99 0
 19961116 1200 -9.99 0
 19961216 1200 -9.99 0
 19970116 1200 -9.99 0
 19970215 1200 -9.99 0
 19970316 1200 27.61 2
 19970416 1200 28.39 2
 19970516 1200 28.33 2
 19970616 1200 -9.99 0
 19970716 1200 -9.99 0
 19970816 1200 -9.99 0
 19970916 1200 28.36 2
 19971016 1200 28.07 2
 19971116 1200 -9.99 0
 19971216 1200 -9.99 0
 19980116 1200 -9.99 0
 19980215 1200 27.66 2
 19980316 1200 27.90 2
 19980416 1200 28.21 2
 19980516 1200 28.76 2
 19980616 1200 28.37 2
 19980716 1200 28.88 2
 19980816 1200 28.97 2
 19980916 1200 29.06 2
 19981016 1200 28.99 2
 19981116 1200 -9.99 0
 19981216 1200 -9.99 0
 19990116 1200 -9.99 0
 19990215 1200 28.78 2
 19990316 1200 28.39 2
 Time: 1200 16 Nov 1999 to 1200 16 Apr 2000 (index    91 to    96,    6 times)
 Depth (M):     -2.2 QUALITY
 YYYYMMDD HHMM  AIRT Q
 19991116 1200 28.52 2
 19991216 1200 28.55 2
 20000116 1200 28.66 2
 20000215 1200 28.36 2
 20000316 1200 28.46 2
 20000416 1200 28.52 2
 Time: 1200 16 Nov 2000 to 1200 16 Dec 2001 (index   103 to   116,   14 times)
 Depth (M):     -2.2 QUALITY
 YYYYMMDD HHMM  AIRT Q
 20001116 1200 28.92 2
 20001216 1200 28.66 2
 20010116 1200 28.24 2
 20010215 1200 28.18 2
 20010316 1200 27.89 2
 20010416 1200 28.38 2
 20010516 1200 28.56 2
 20010616 1200 -9.99 0
 20010716 1200 -9.99 0
 20010816 1200 -9.99 0
 20010916 1200 -9.99 0
 20011016 1200 28.67 1
 20011116 1200 28.65 1
 20011216 1200 28.08 1
 Time: 1200 16 Jul 2002 to 1200 16 Jun 2006 (index   123 to   170,   48 times)
 Depth (M):     -2.2 QUALITY
 YYYYMMDD HHMM  AIRT Q
 20020716 1200 28.62 1
 20020816 1200 28.09 1
 20020916 1200 28.53 1
 20021016 1200 28.42 1
 20021116 1200 28.52 1
 20021216 1200 28.26 1
 20030116 1200 27.81 1
 20030215 1200 27.95 1
 20030316 1200 27.81 1
 20030416 1200 28.66 1
 20030516 1200 28.79 1
 20030616 1200 28.82 1
 20030716 1200 27.88 1
 20030816 1200 28.04 1
 20030916 1200 28.09 1
 20031016 1200 28.48 1
 20031116 1200 28.81 1
 20031216 1200 28.38 1
 20040116 1200 28.34 1
 20040215 1200 28.56 1
 20040316 1200 28.87 1
 20040416 1200 28.85 1
 20040516 1200 28.58 1
 20040616 1200 28.44 2
 20040716 1200 27.66 2
 20040816 1200 28.11 2
 20040916 1200 27.54 2
 20041016 1200 28.63 2
 20041116 1200 28.88 2
 20041216 1200 28.74 2
 20050116 1200 28.19 2
 20050215 1200 27.93 2
 20050316 1200 28.18 2
 20050416 1200 -9.99 0
 20050516 1200 -9.99 0
 20050616 1200 -9.99 0
 20050716 1200 27.74 2
 20050816 1200 27.90 2
 20050916 1200 28.15 2
 20051016 1200 28.64 2
 20051116 1200 28.48 2
 20051216 1200 28.04 2
 20060116 1200 28.03 2
 20060215 1200 28.62 2
 20060316 1200 28.28 2
 20060416 1200 27.90 2
 20060516 1200 28.79 2
 20060616 1200 28.34 2
 Time: 1200 16 Jan 2007 to 1200 16 Jul 2013 (index   177 to   255,   79 times)
 Depth (M):     -2.2 QUALITY
 YYYYMMDD HHMM  AIRT Q
 20070116 1200 28.10 1
 20070215 1200 28.29 1
 20070316 1200 27.99 1
 20070416 1200 28.69 1
 20070516 1200 28.64 1
 20070616 1200 28.49 1
 20070716 1200 27.88 1
 20070816 1200 27.86 1
 20070916 1200 28.30 1
 20071016 1200 28.67 1
 20071116 1200 28.44 1
 20071216 1200 28.52 1
 20080116 1200 28.45 2
 20080215 1200 -9.99 0
 20080316 1200 -9.99 0
 20080416 1200 -9.99 0
 20080516 1200 28.51 2
 20080616 1200 27.85 2
 20080716 1200 28.01 2
 20080816 1200 27.92 2
 20080916 1200 28.44 2
 20081016 1200 28.43 2
 20081116 1200 28.46 2
 20081216 1200 28.66 2
 20090116 1200 28.77 2
 20090215 1200 28.13 2
 20090316 1200 28.03 2
 20090416 1200 28.76 2
 20090516 1200 28.91 1
 20090616 1200 28.25 1
 20090716 1200 28.05 1
 20090816 1200 28.38 1
 20090916 1200 28.65 1
 20091016 1200 28.49 1
 20091116 1200 28.64 1
 20091216 1200 28.31 1
 20100116 1200 27.74 1
 20100215 1200 27.71 1
 20100316 1200 28.60 1
 20100416 1200 28.92 1
 20100516 1200 29.10 2
 20100616 1200 29.17 2
 20100716 1200 28.94 2
 20100816 1200 28.82 2
 20100916 1200 29.20 2
 20101016 1200 29.25 2
 20101116 1200 29.03 2
 20101216 1200 28.82 2
 20110116 1200 28.79 2
 20110215 1200 28.48 2
 20110316 1200 28.25 2
 20110416 1200 28.44 2
 20110516 1200 28.23 2
 20110616 1200 27.95 2
 20110716 1200 -9.99 0
 20110816 1200 -9.99 0
 20110916 1200 27.76 1
 20111016 1200 28.64 1
 20111116 1200 28.87 1
 20111216 1200 28.67 1
 20120116 1200 28.57 1
 20120215 1200 28.76 1
 20120316 1200 28.17 1
 20120416 1200 28.35 1
 20120516 1200 28.61 1
 20120616 1200 28.33 1
 20120716 1200 27.97 1
 20120816 1200 28.06 1
 20120916 1200 28.35 1
 20121016 1200 28.97 1
 20121116 1200 28.56 1
 20121216 1200 28.83 1
 20130116 1200 28.50 1
 20130215 1200 28.20 1
 20130316 1200 28.62 2
 20130416 1200 28.28 2
 20130516 1200 28.81 2
 20130616 1200 28.51 2
 20130716 1200 28.08 2
