 Location:  2N 147E  16 Mar 1990 to 16 Sep 2012 (  271 times,  7 blocks) Gen. Date Feb 16 2014
 Units: Air Temperature (C), -9.99 = missing
 Time: 1200 16 Mar 1990 to 1200 16 Jun 1990 (index     1 to     4,    4 times)
 Depth (M):       -3 QUALITY
 YYYYMMDD HHMM  AIRT Q
 19900316 1200 28.41 2
 19900416 1200 28.11 2
 19900516 1200 28.77 2
 19900616 1200 28.38 2
 Time: 1200 16 Mar 1991 to 1200 16 Jun 1991 (index    13 to    16,    4 times)
 Depth (M):       -3 QUALITY
 YYYYMMDD HHMM  AIRT Q
 19910316 1200 28.43 2
 19910416 1200 28.37 2
 19910516 1200 28.49 2
 19910616 1200 28.37 2
 Time: 1200 16 May 1992 to 1200 15 Feb 1993 (index    27 to    36,   10 times)
 Depth (M):       -3 QUALITY
 YYYYMMDD HHMM  AIRT Q
 19920516 1200 28.40 1
 19920616 1200 27.95 1
 19920716 1200 27.69 1
 19920816 1200 27.89 1
 19920916 1200 28.55 1
 19921016 1200 28.27 1
 19921116 1200 28.68 1
 19921216 1200 28.21 1
 19930116 1200 28.07 1
 19930215 1200 28.15 1
 Time: 1200 16 Dec 1993 to 1200 16 Jan 1995 (index    46 to    59,   14 times)
 Depth (M):       -3 QUALITY
 YYYYMMDD HHMM  AIRT Q
 19931216 1200 28.16 1
 19940116 1200 28.16 1
 19940215 1200 28.00 1
 19940316 1200 -9.99 0
 19940416 1200 -9.99 0
 19940516 1200 28.57 2
 19940616 1200 28.02 2
 19940716 1200 -9.99 0
 19940816 1200 -9.99 0
 19940916 1200 -9.99 0
 19941016 1200 -9.99 0
 19941116 1200 -9.99 0
 19941216 1200 28.66 1
 19950116 1200 28.09 1
 Time: 1200 16 Sep 1995 to 1200 15 Feb 1997 (index    67 to    84,   18 times)
 Depth (M):       -3 QUALITY
 YYYYMMDD HHMM  AIRT Q
 19950916 1200 28.63 1
 19951016 1200 29.06 1
 19951116 1200 29.14 1
 19951216 1200 28.86 1
 19960116 1200 28.67 1
 19960215 1200 28.23 4
 19960316 1200 -9.99 0
 19960416 1200 -9.99 0
 19960516 1200 -9.99 0
 19960616 1200 -9.99 0
 19960716 1200 -9.99 0
 19960816 1200 28.47 1
 19960916 1200 28.85 1
 19961016 1200 28.76 1
 19961116 1200 28.80 1
 19961216 1200 -9.99 0
 19970116 1200 28.24 1
 19970215 1200 27.77 1
 Time: 1200 16 Mar 1999 to 1200 16 May 1999 (index   109 to   111,    3 times)
 Depth (M):     -2.2 QUALITY
 YYYYMMDD HHMM  AIRT Q
 19990316 1200 28.28 1
 19990416 1200 28.05 1
 19990516 1200 28.05 1
 Time: 1200 16 Mar 2001 to 1200 16 Sep 2012 (index   133 to   271,  139 times)
 Depth (M):     -2.2 QUALITY
 YYYYMMDD HHMM  AIRT Q
 20010316 1200 27.79 1
 20010416 1200 28.12 1
 20010516 1200 28.13 1
 20010616 1200 28.16 1
 20010716 1200 27.98 1
 20010816 1200 28.05 1
 20010916 1200 28.41 1
 20011016 1200 28.61 1
 20011116 1200 28.87 1
 20011216 1200 28.31 1
 20020116 1200 28.17 1
 20020215 1200 28.67 1
 20020316 1200 27.97 1
 20020416 1200 28.36 1
 20020516 1200 28.58 1
 20020616 1200 28.17 1
 20020716 1200 28.34 1
 20020816 1200 -9.99 0
 20020916 1200 -9.99 0
 20021016 1200 -9.99 0
 20021116 1200 -9.99 0
 20021216 1200 -9.99 0
 20030116 1200 28.26 1
 20030215 1200 27.98 1
 20030316 1200 28.11 1
 20030416 1200 28.67 1
 20030516 1200 28.66 1
 20030616 1200 28.46 1
 20030716 1200 27.82 1
 20030816 1200 27.93 1
 20030916 1200 27.52 1
 20031016 1200 28.48 1
 20031116 1200 28.60 1
 20031216 1200 28.65 1
 20040116 1200 28.55 1
 20040215 1200 28.49 1
 20040316 1200 28.60 1
 20040416 1200 28.94 1
 20040516 1200 28.39 1
 20040616 1200 28.00 1
 20040716 1200 27.72 1
 20040816 1200 28.26 1
 20040916 1200 27.65 1
 20041016 1200 28.34 1
 20041116 1200 28.57 1
 20041216 1200 28.76 1
 20050116 1200 28.47 1
 20050215 1200 28.51 1
 20050316 1200 28.46 1
 20050416 1200 28.31 1
 20050516 1200 28.10 1
 20050616 1200 28.02 1
 20050716 1200 27.77 1
 20050816 1200 27.85 1
 20050916 1200 27.85 1
 20051016 1200 28.54 1
 20051116 1200 28.31 1
 20051216 1200 28.08 1
 20060116 1200 28.26 1
 20060215 1200 28.49 1
 20060316 1200 27.99 2
 20060416 1200 27.79 2
 20060516 1200 28.67 2
 20060616 1200 28.41 2
 20060716 1200 28.09 2
 20060816 1200 27.83 2
 20060916 1200 27.99 2
 20061016 1200 28.47 2
 20061116 1200 28.57 2
 20061216 1200 28.78 2
 20070116 1200 27.87 2
 20070215 1200 28.12 2
 20070316 1200 28.38 2
 20070416 1200 28.54 2
 20070516 1200 28.41 2
 20070616 1200 28.63 2
 20070716 1200 27.94 1
 20070816 1200 28.36 1
 20070916 1200 28.36 1
 20071016 1200 29.22 1
 20071116 1200 28.43 1
 20071216 1200 28.75 1
 20080116 1200 28.32 1
 20080215 1200 28.22 1
 20080316 1200 28.11 1
 20080416 1200 27.92 1
 20080516 1200 28.10 1
 20080616 1200 27.54 1
 20080716 1200 28.05 1
 20080816 1200 28.35 1
 20080916 1200 28.39 1
 20081016 1200 28.75 1
 20081116 1200 28.57 1
 20081216 1200 28.45 1
 20090116 1200 28.74 1
 20090215 1200 27.87 1
 20090316 1200 28.23 1
 20090416 1200 28.73 1
 20090516 1200 28.64 1
 20090616 1200 28.27 1
 20090716 1200 27.86 1
 20090816 1200 28.51 1
 20090916 1200 28.23 1
 20091016 1200 28.47 1
 20091116 1200 28.65 1
 20091216 1200 28.49 1
 20100116 1200 28.10 1
 20100215 1200 28.40 1
 20100316 1200 28.42 1
 20100416 1200 28.43 1
 20100516 1200 28.58 1
 20100616 1200 29.00 1
 20100716 1200 28.98 1
 20100816 1200 28.68 1
 20100916 1200 -9.99 0
 20101016 1200 -9.99 0
 20101116 1200 -9.99 0
 20101216 1200 -9.99 0
 20110116 1200 28.91 1
 20110215 1200 28.96 1
 20110316 1200 28.59 1
 20110416 1200 28.54 1
 20110516 1200 28.37 1
 20110616 1200 27.97 1
 20110716 1200 27.68 1
 20110816 1200 27.71 1
 20110916 1200 27.79 1
 20111016 1200 28.51 1
 20111116 1200 28.72 1
 20111216 1200 28.52 1
 20120116 1200 28.57 1
 20120215 1200 28.51 1
 20120316 1200 27.89 1
 20120416 1200 28.27 1
 20120516 1200 28.21 1
 20120616 1200 27.92 1
 20120716 1200 27.79 1
 20120816 1200 27.81 2
 20120916 1200 27.92 2
