 Location:  2N 140W  16 Nov 1986 to 16 May 2012 (  307 times,  4 blocks) Gen. Date Feb 16 2014
 Units: Air Temperature (C), -9.99 = missing
 Time: 1200 16 Nov 1986 to 1200 16 May 1989 (index     1 to    31,   31 times)
 Depth (M):       -3 QUALITY
 YYYYMMDD HHMM  AIRT Q
 19861116 1200 26.86 1
 19861216 1200 26.53 1
 19870116 1200 -9.99 0
 19870215 1200 -9.99 0
 19870316 1200 -9.99 0
 19870416 1200 -9.99 0
 19870516 1200 27.67 1
 19870616 1200 28.45 1
 19870716 1200 27.61 1
 19870816 1200 27.60 1
 19870916 1200 27.25 1
 19871016 1200 27.20 1
 19871116 1200 27.17 1
 19871216 1200 26.68 1
 19880116 1200 26.25 1
 19880215 1200 26.13 1
 19880316 1200 26.15 1
 19880416 1200 26.54 1
 19880516 1200 24.61 1
 19880616 1200 24.23 2
 19880716 1200 24.60 2
 19880816 1200 23.73 2
 19880916 1200 24.23 2
 19881016 1200 -9.99 0
 19881116 1200 -9.99 0
 19881216 1200 23.08 2
 19890116 1200 23.69 2
 19890215 1200 24.40 2
 19890316 1200 25.15 2
 19890416 1200 25.77 2
 19890516 1200 26.28 2
 Time: 1200 16 Dec 1989 to 1200 16 Sep 1992 (index    38 to    71,   34 times)
 Depth (M):       -3 QUALITY
 YYYYMMDD HHMM  AIRT Q
 19891216 1200 24.16 4
 19900116 1200 24.46 4
 19900215 1200 -9.99 0
 19900316 1200 -9.99 0
 19900416 1200 -9.99 0
 19900516 1200 27.10 1
 19900616 1200 26.48 1
 19900716 1200 26.41 1
 19900816 1200 25.68 1
 19900916 1200 24.92 1
 19901016 1200 25.40 1
 19901116 1200 25.24 1
 19901216 1200 25.37 1
 19910116 1200 25.82 1
 19910215 1200 25.68 1
 19910316 1200 25.77 1
 19910416 1200 26.60 1
 19910516 1200 27.73 1
 19910616 1200 27.90 1
 19910716 1200 27.33 1
 19910816 1200 27.01 1
 19910916 1200 26.46 1
 19911016 1200 27.40 1
 19911116 1200 27.32 1
 19911216 1200 27.60 1
 19920116 1200 27.29 1
 19920215 1200 27.54 1
 19920316 1200 27.31 1
 19920416 1200 27.85 1
 19920516 1200 27.64 2
 19920616 1200 27.09 2
 19920716 1200 26.34 2
 19920816 1200 25.24 2
 19920916 1200 25.84 2
 Time: 1200 16 May 1993 to 1200 16 Jan 2008 (index    79 to   255,  177 times)
 Depth (M):       -3 QUALITY
 YYYYMMDD HHMM  AIRT Q
 19930516 1200 27.77 4
 19930616 1200 27.49 4
 19930716 1200 26.44 4
 19930816 1200 26.26 4
 19930916 1200 25.93 4
 19931016 1200 26.11 2
 19931116 1200 25.88 2
 19931216 1200 26.16 2
 19940116 1200 25.89 2
 19940215 1200 -9.99 0
 19940316 1200 -9.99 0
 19940416 1200 -9.99 0
 19940516 1200 -9.99 0
 19940616 1200 27.22 4
 19940716 1200 26.09 4
 19940816 1200 26.34 4
 19940916 1200 26.00 4
 19941016 1200 26.88 4
 19941116 1200 27.08 4
 19941216 1200 26.91 4
 19950116 1200 26.60 4
 19950215 1200 26.61 4
 19950316 1200 26.47 4
 19950416 1200 27.02 2
 19950516 1200 26.59 2
 19950616 1200 26.37 2
 19950716 1200 26.00 2
 19950816 1200 25.61 2
 19950916 1200 24.64 2
 19951016 1200 24.25 2
 19951116 1200 24.52 2
 19951216 1200 24.60 2
 19960116 1200 24.82 2
 19960215 1200 24.84 2
 19960316 1200 -9.99 0
 19960416 1200 -9.99 0
 19960516 1200 -9.99 0
 19960616 1200 26.80 4
 19960716 1200 26.42 4
 19960816 1200 25.49 4
 19960916 1200 25.18 4
 19961016 1200 25.30 4
 19961116 1200 24.89 4
 19961216 1200 24.70 4
 19970116 1200 24.99 4
 19970215 1200 25.57 4
 19970316 1200 26.16 4
 19970416 1200 27.00 4
 19970516 1200 27.73 2
 19970616 1200 27.72 2
 19970716 1200 27.95 2
 19970816 1200 27.65 2
 19970916 1200 27.86 2
 19971016 1200 27.92 2
 19971116 1200 27.92 2
 19971216 1200 27.89 2
 19980116 1200 27.75 2
 19980215 1200 27.75 2
 19980316 1200 27.61 2
 19980416 1200 27.57 2
 19980516 1200 27.73 2
 19980616 1200 24.08 2
 19980716 1200 23.54 2
 19980816 1200 23.80 2
 19980916 1200 -9.99 0
 19981016 1200 24.49 2
 19981116 1200 24.08 2
 19981216 1200 22.97 2
 19990116 1200 23.84 2
 19990215 1200 25.04 1
 19990316 1200 25.11 1
 19990416 1200 26.17 1
 19990516 1200 26.14 1
 19990616 1200 26.14 1
 19990716 1200 26.15 1
 19990816 1200 25.01 1
 19990916 1200 25.68 1
 19991016 1200 24.61 1
 19991116 1200 23.90 1
 19991216 1200 24.24 1
 20000116 1200 23.75 1
 20000215 1200 24.45 1
 20000316 1200 25.72 1
 20000416 1200 26.64 1
 20000516 1200 26.83 1
 20000616 1200 26.66 1
 20000716 1200 26.24 1
 20000816 1200 26.33 1
 20000916 1200 25.25 1
 20001016 1200 25.59 1
 20001116 1200 25.02 1
 20001216 1200 24.97 1
 20010116 1200 24.86 1
 20010215 1200 25.44 1
 20010316 1200 25.89 1
 20010416 1200 26.69 1
 20010516 1200 27.05 1
 20010616 1200 27.28 1
 20010716 1200 26.74 1
 20010816 1200 26.10 1
 20010916 1200 25.73 1
 20011016 1200 25.30 1
 20011116 1200 25.72 1
 20011216 1200 25.43 1
 20020116 1200 25.59 1
 20020215 1200 26.46 1
 20020316 1200 26.82 1
 20020416 1200 27.32 1
 20020516 1200 27.23 1
 20020616 1200 27.58 1
 20020716 1200 26.92 1
 20020816 1200 26.94 1
 20020916 1200 26.97 1
 20021016 1200 27.04 1
 20021116 1200 27.52 1
 20021216 1200 27.13 1
 20030116 1200 26.93 1
 20030215 1200 26.85 1
 20030316 1200 27.10 1
 20030416 1200 27.14 1
 20030516 1200 26.85 1
 20030616 1200 26.54 1
 20030716 1200 26.72 1
 20030816 1200 25.81 1
 20030916 1200 25.97 1
 20031016 1200 26.11 1
 20031116 1200 25.44 1
 20031216 1200 26.49 1
 20040116 1200 25.57 1
 20040215 1200 26.15 1
 20040316 1200 25.90 1
 20040416 1200 27.33 1
 20040516 1200 27.36 1
 20040616 1200 27.08 1
 20040716 1200 26.59 1
 20040816 1200 26.77 1
 20040916 1200 26.20 2
 20041016 1200 26.18 2
 20041116 1200 26.03 2
 20041216 1200 26.45 2
 20050116 1200 26.19 2
 20050215 1200 26.49 2
 20050316 1200 26.88 2
 20050416 1200 27.52 2
 20050516 1200 27.32 2
 20050616 1200 27.46 2
 20050716 1200 26.77 2
 20050816 1200 25.84 2
 20050916 1200 25.94 2
 20051016 1200 26.04 2
 20051116 1200 25.11 2
 20051216 1200 25.24 2
 20060116 1200 24.57 1
 20060215 1200 25.53 1
 20060316 1200 25.53 1
 20060416 1200 26.84 1
 20060516 1200 27.23 1
 20060616 1200 27.02 1
 20060716 1200 26.50 1
 20060816 1200 26.62 1
 20060916 1200 26.60 2
 20061016 1200 26.16 2
 20061116 1200 26.83 2
 20061216 1200 26.70 2
 20070116 1200 26.34 2
 20070215 1200 25.71 2
 20070316 1200 26.36 2
 20070416 1200 26.88 2
 20070516 1200 26.61 2
 20070616 1200 26.84 2
 20070716 1200 25.62 2
 20070816 1200 25.47 2
 20070916 1200 24.58 2
 20071016 1200 23.65 1
 20071116 1200 24.10 1
 20071216 1200 23.72 1
 20080116 1200 23.86 1
 Time: 1200 16 Nov 2008 to 1200 16 May 2012 (index   265 to   307,   43 times)
 Depth (M):       -3 QUALITY
 YYYYMMDD HHMM  AIRT Q
 20081116 1200 25.70 2
 20081216 1200 24.95 2
 20090116 1200 25.22 2
 20090215 1200 25.48 2
 20090316 1200 25.20 2
 20090416 1200 26.41 2
 20090516 1200 26.32 2
 20090616 1200 26.70 2
 20090716 1200 25.27 2
 20090816 1200 24.50 2
 20090916 1200 26.93 2
 20091016 1200 26.67 2
 20091116 1200 27.59 2
 20091216 1200 27.29 2
 20100116 1200 26.95 2
 20100215 1200 26.61 2
 20100316 1200 27.11 2
 20100416 1200 27.31 2
 20100516 1200 26.74 2
 20100616 1200 26.15 2
 20100716 1200 25.05 2
 20100816 1200 24.98 2
 20100916 1200 24.10 2
 20101016 1200 23.48 2
 20101116 1200 24.05 2
 20101216 1200 23.08 2
 20110116 1200 23.89 2
 20110215 1200 24.18 2
 20110316 1200 25.05 2
 20110416 1200 26.13 2
 20110516 1200 26.69 2
 20110616 1200 26.85 2
 20110716 1200 26.34 2
 20110816 1200 25.25 2
 20110916 1200 25.01 2
 20111016 1200 24.64 2
 20111116 1200 24.55 2
 20111216 1200 25.11 2
 20120116 1200 24.69 2
 20120215 1200 25.04 2
 20120316 1200 25.24 2
 20120416 1200 25.66 2
 20120516 1200 27.33 2
