 Location:  2N 125W  16 Dec 1991 to 16 Aug 2012 (  249 times,  5 blocks) Gen. Date Feb 16 2014
 Units: Air Temperature (C), -9.99 = missing
 Time: 1200 16 Dec 1991 to 1200 16 Oct 1992 (index     1 to    11,   11 times)
 Depth (M):       -3 QUALITY
 YYYYMMDD HHMM  AIRT Q
 19911216 1200 25.88 2
 19920116 1200 26.29 2
 19920215 1200 26.44 2
 19920316 1200 27.06 2
 19920416 1200 27.43 2
 19920516 1200 27.46 2
 19920616 1200 25.78 2
 19920716 1200 24.94 2
 19920816 1200 -9.99 0
 19920916 1200 -9.99 0
 19921016 1200 24.44 4
 Time: 1200 16 May 1993 to 1200 16 Oct 1993 (index    18 to    23,    6 times)
 Depth (M):       -3 QUALITY
 YYYYMMDD HHMM  AIRT Q
 19930516 1200 27.59 1
 19930616 1200 26.87 1
 19930716 1200 25.63 1
 19930816 1200 24.64 1
 19930916 1200 24.78 1
 19931016 1200 25.27 1
 Time: 1200 16 May 1994 to 1200 16 Oct 2001 (index    30 to   119,   90 times)
 Depth (M):       -3 QUALITY
 YYYYMMDD HHMM  AIRT Q
 19940516 1200 26.57 1
 19940616 1200 26.62 1
 19940716 1200 24.54 1
 19940816 1200 24.83 1
 19940916 1200 24.63 1
 19941016 1200 24.98 1
 19941116 1200 25.63 1
 19941216 1200 25.95 1
 19950116 1200 25.64 1
 19950215 1200 26.44 1
 19950316 1200 26.12 1
 19950416 1200 26.92 1
 19950516 1200 25.48 1
 19950616 1200 25.62 1
 19950716 1200 25.78 1
 19950816 1200 23.86 1
 19950916 1200 24.01 1
 19951016 1200 23.26 1
 19951116 1200 24.01 1
 19951216 1200 23.57 1
 19960116 1200 24.87 1
 19960215 1200 25.27 1
 19960316 1200 25.92 1
 19960416 1200 26.71 1
 19960516 1200 25.72 1
 19960616 1200 -9.99 0
 19960716 1200 25.52 1
 19960816 1200 24.57 1
 19960916 1200 24.50 1
 19961016 1200 23.95 1
 19961116 1200 24.42 1
 19961216 1200 23.58 1
 19970116 1200 23.29 1
 19970215 1200 25.13 1
 19970316 1200 26.04 1
 19970416 1200 27.12 1
 19970516 1200 27.67 1
 19970616 1200 27.87 1
 19970716 1200 27.73 1
 19970816 1200 27.60 1
 19970916 1200 27.76 1
 19971016 1200 27.88 1
 19971116 1200 27.56 1
 19971216 1200 27.71 1
 19980116 1200 27.90 1
 19980215 1200 27.60 1
 19980316 1200 27.56 1
 19980416 1200 27.70 1
 19980516 1200 27.18 2
 19980616 1200 23.88 2
 19980716 1200 24.95 2
 19980816 1200 23.92 2
 19980916 1200 24.57 2
 19981016 1200 -9.99 0
 19981116 1200 -9.99 0
 19981216 1200 -9.99 0
 19990116 1200 -9.99 0
 19990215 1200 25.06 1
 19990316 1200 25.78 1
 19990416 1200 26.29 1
 19990516 1200 25.57 1
 19990616 1200 24.69 1
 19990716 1200 24.48 1
 19990816 1200 23.76 1
 19990916 1200 23.62 1
 19991016 1200 23.08 1
 19991116 1200 22.69 1
 19991216 1200 23.07 1
 20000116 1200 23.37 1
 20000215 1200 24.62 1
 20000316 1200 26.01 1
 20000416 1200 26.84 1
 20000516 1200 26.70 1
 20000616 1200 25.55 1
 20000716 1200 25.29 1
 20000816 1200 24.49 1
 20000916 1200 24.46 4
 20001016 1200 24.07 4
 20001116 1200 23.63 4
 20001216 1200 24.57 4
 20010116 1200 25.86 4
 20010215 1200 26.58 4
 20010316 1200 27.33 4
 20010416 1200 28.32 4
 20010516 1200 27.35 4
 20010616 1200 27.27 4
 20010716 1200 25.62 4
 20010816 1200 24.78 4
 20010916 1200 23.59 1
 20011016 1200 24.36 1
 Time: 1200 16 May 2002 to 1200 16 Sep 2007 (index   126 to   190,   65 times)
 Depth (M):       -3 QUALITY
 YYYYMMDD HHMM  AIRT Q
 20020516 1200 26.88 1
 20020616 1200 26.85 1
 20020716 1200 26.01 1
 20020816 1200 25.39 1
 20020916 1200 25.09 1
 20021016 1200 25.32 1
 20021116 1200 26.19 1
 20021216 1200 26.39 1
 20030116 1200 26.03 1
 20030215 1200 26.07 1
 20030316 1200 26.63 1
 20030416 1200 27.15 1
 20030516 1200 25.52 1
 20030616 1200 26.02 1
 20030716 1200 26.10 1
 20030816 1200 24.54 1
 20030916 1200 24.48 2
 20031016 1200 25.27 2
 20031116 1200 25.15 2
 20031216 1200 25.31 2
 20040116 1200 25.09 2
 20040215 1200 25.34 2
 20040316 1200 26.34 2
 20040416 1200 26.81 2
 20040516 1200 26.36 2
 20040616 1200 25.92 2
 20040716 1200 -9.99 0
 20040816 1200 -9.99 0
 20040916 1200 -9.99 0
 20041016 1200 25.04 1
 20041116 1200 24.49 1
 20041216 1200 25.11 1
 20050116 1200 25.51 1
 20050215 1200 25.55 1
 20050316 1200 26.52 1
 20050416 1200 27.34 2
 20050516 1200 27.26 2
 20050616 1200 26.23 2
 20050716 1200 26.11 2
 20050816 1200 24.82 2
 20050916 1200 23.88 2
 20051016 1200 24.60 2
 20051116 1200 24.00 2
 20051216 1200 23.22 2
 20060116 1200 22.66 2
 20060215 1200 25.42 1
 20060316 1200 25.33 1
 20060416 1200 26.76 1
 20060516 1200 26.43 1
 20060616 1200 26.29 1
 20060716 1200 25.35 1
 20060816 1200 25.18 1
 20060916 1200 25.53 1
 20061016 1200 26.06 1
 20061116 1200 26.14 1
 20061216 1200 26.57 1
 20070116 1200 26.56 1
 20070215 1200 25.31 1
 20070316 1200 26.12 1
 20070416 1200 26.31 1
 20070516 1200 25.87 2
 20070616 1200 25.47 2
 20070716 1200 23.98 2
 20070816 1200 22.63 2
 20070916 1200 23.12 2
 Time: 1200 16 Jun 2008 to 1200 16 Aug 2012 (index   199 to   249,   51 times)
 Depth (M):       -3 QUALITY
 YYYYMMDD HHMM  AIRT Q
 20080616 1200 25.95 1
 20080716 1200 26.06 1
 20080816 1200 25.18 1
 20080916 1200 24.87 1
 20081016 1200 24.68 1
 20081116 1200 24.82 1
 20081216 1200 24.28 1
 20090116 1200 24.21 1
 20090215 1200 25.07 1
 20090316 1200 25.62 1
 20090416 1200 26.48 1
 20090516 1200 26.82 1
 20090616 1200 26.79 1
 20090716 1200 26.73 1
 20090816 1200 25.80 1
 20090916 1200 25.68 2
 20091016 1200 25.07 2
 20091116 1200 26.20 2
 20091216 1200 26.20 2
 20100116 1200 26.50 2
 20100215 1200 26.68 2
 20100316 1200 27.03 2
 20100416 1200 27.28 2
 20100516 1200 26.52 2
 20100616 1200 25.39 2
 20100716 1200 24.61 2
 20100816 1200 -9.99 0
 20100916 1200 -9.99 0
 20101016 1200 -9.99 0
 20101116 1200 -9.99 0
 20101216 1200 22.93 2
 20110116 1200 23.87 2
 20110215 1200 24.72 2
 20110316 1200 25.56 2
 20110416 1200 26.56 2
 20110516 1200 26.46 2
 20110616 1200 26.10 2
 20110716 1200 25.39 2
 20110816 1200 24.37 2
 20110916 1200 23.35 2
 20111016 1200 23.64 2
 20111116 1200 -9.99 0
 20111216 1200 -9.99 0
 20120116 1200 -9.99 0
 20120215 1200 -9.99 0
 20120316 1200 -9.99 0
 20120416 1200 26.76 2
 20120516 1200 26.87 2
 20120616 1200 26.81 2
 20120716 1200 26.26 2
 20120816 1200 25.32 2
