 Location:  2N 110W  16 Nov 1985 to 16 Jan 2014 (  339 times,  3 blocks) Gen. Date Feb 16 2014
 Units: Air Temperature (C), -9.99 = missing
 Time: 1200 16 Nov 1985 to 1200 16 Apr 1987 (index     1 to    18,   18 times)
 Depth (M):       -3 QUALITY
 YYYYMMDD HHMM  AIRT Q
 19851116 1200 22.73 1
 19851216 1200 23.05 1
 19860116 1200 24.26 1
 19860215 1200 25.70 1
 19860316 1200 26.40 1
 19860416 1200 26.58 1
 19860516 1200 25.96 1
 19860616 1200 25.62 1
 19860716 1200 24.78 1
 19860816 1200 23.25 1
 19860916 1200 23.98 1
 19861016 1200 24.66 1
 19861116 1200 24.51 1
 19861216 1200 24.34 1
 19870116 1200 25.72 1
 19870215 1200 26.61 1
 19870316 1200 27.05 1
 19870416 1200 27.54 1
 Time: 1200 16 Nov 1987 to 1200 16 May 2006 (index    25 to   247,  223 times)
 Depth (M):       -3 QUALITY
 YYYYMMDD HHMM  AIRT Q
 19871116 1200 24.70 4
 19871216 1200 25.15 4
 19880116 1200 25.27 4
 19880215 1200 25.49 4
 19880316 1200 26.32 4
 19880416 1200 24.92 4
 19880516 1200 24.11 4
 19880616 1200 22.48 4
 19880716 1200 22.65 1
 19880816 1200 22.02 1
 19880916 1200 21.85 1
 19881016 1200 22.04 1
 19881116 1200 22.11 1
 19881216 1200 21.82 1
 19890116 1200 -9.99 0
 19890215 1200 -9.99 0
 19890316 1200 -9.99 0
 19890416 1200 26.62 1
 19890516 1200 24.95 1
 19890616 1200 25.27 1
 19890716 1200 23.84 1
 19890816 1200 23.02 1
 19890916 1200 23.10 1
 19891016 1200 22.94 1
 19891116 1200 23.04 1
 19891216 1200 22.92 1
 19900116 1200 24.63 1
 19900215 1200 25.94 1
 19900316 1200 26.68 1
 19900416 1200 27.47 1
 19900516 1200 26.76 1
 19900616 1200 25.52 1
 19900716 1200 23.92 1
 19900816 1200 23.70 1
 19900916 1200 23.56 1
 19901016 1200 23.45 1
 19901116 1200 23.33 1
 19901216 1200 23.83 1
 19910116 1200 24.70 1
 19910215 1200 25.89 1
 19910316 1200 26.51 1
 19910416 1200 26.75 2
 19910516 1200 27.73 2
 19910616 1200 26.61 2
 19910716 1200 -9.99 0
 19910816 1200 24.36 2
 19910916 1200 -9.99 0
 19911016 1200 -9.99 0
 19911116 1200 25.09 4
 19911216 1200 25.68 4
 19920116 1200 26.45 4
 19920215 1200 27.22 4
 19920316 1200 27.68 4
 19920416 1200 28.33 4
 19920516 1200 28.01 4
 19920616 1200 26.13 4
 19920716 1200 25.05 4
 19920816 1200 24.04 4
 19920916 1200 23.62 4
 19921016 1200 24.34 4
 19921116 1200 23.36 2
 19921216 1200 -9.99 0
 19930116 1200 -9.99 0
 19930215 1200 -9.99 0
 19930316 1200 26.25 1
 19930416 1200 26.71 1
 19930516 1200 26.32 1
 19930616 1200 25.61 1
 19930716 1200 24.17 1
 19930816 1200 23.32 1
 19930916 1200 23.59 1
 19931016 1200 23.88 1
 19931116 1200 24.19 1
 19931216 1200 24.28 1
 19940116 1200 24.85 1
 19940215 1200 24.95 1
 19940316 1200 26.09 1
 19940416 1200 25.90 1
 19940516 1200 25.85 1
 19940616 1200 25.63 1
 19940716 1200 23.54 1
 19940816 1200 23.18 1
 19940916 1200 23.56 1
 19941016 1200 24.85 1
 19941116 1200 24.11 1
 19941216 1200 24.90 1
 19950116 1200 25.56 1
 19950215 1200 26.70 1
 19950316 1200 26.14 1
 19950416 1200 26.09 1
 19950516 1200 25.17 1
 19950616 1200 25.45 1
 19950716 1200 24.25 1
 19950816 1200 22.91 2
 19950916 1200 23.10 2
 19951016 1200 -9.99 0
 19951116 1200 -9.99 0
 19951216 1200 -9.99 0
 19960116 1200 24.85 1
 19960215 1200 25.49 1
 19960316 1200 26.27 1
 19960416 1200 25.43 1
 19960516 1200 25.14 1
 19960616 1200 24.95 1
 19960716 1200 24.03 1
 19960816 1200 23.13 1
 19960916 1200 23.08 1
 19961016 1200 -9.99 0
 19961116 1200 -9.99 0
 19961216 1200 -9.99 0
 19970116 1200 -9.99 0
 19970215 1200 -9.99 0
 19970316 1200 26.55 4
 19970416 1200 27.07 4
 19970516 1200 27.40 4
 19970616 1200 27.13 4
 19970716 1200 27.09 4
 19970816 1200 26.96 4
 19970916 1200 27.64 4
 19971016 1200 27.63 4
 19971116 1200 27.90 4
 19971216 1200 27.74 4
 19980116 1200 28.56 4
 19980215 1200 28.43 4
 19980316 1200 27.96 2
 19980416 1200 27.92 2
 19980516 1200 26.81 2
 19980616 1200 25.55 2
 19980716 1200 24.82 2
 19980816 1200 24.25 2
 19980916 1200 -9.99 0
 19981016 1200 -9.99 0
 19981116 1200 23.05 2
 19981216 1200 22.61 2
 19990116 1200 22.79 2
 19990215 1200 25.71 2
 19990316 1200 26.57 2
 19990416 1200 25.65 2
 19990516 1200 25.85 2
 19990616 1200 24.93 2
 19990716 1200 24.18 2
 19990816 1200 22.83 2
 19990916 1200 22.01 2
 19991016 1200 -9.99 0
 19991116 1200 21.13 1
 19991216 1200 22.75 1
 20000116 1200 23.53 1
 20000215 1200 24.89 1
 20000316 1200 26.36 1
 20000416 1200 27.00 1
 20000516 1200 25.94 1
 20000616 1200 25.01 1
 20000716 1200 24.53 1
 20000816 1200 23.38 1
 20000916 1200 23.78 1
 20001016 1200 -9.99 0
 20001116 1200 22.92 1
 20001216 1200 23.31 1
 20010116 1200 24.31 1
 20010215 1200 25.44 1
 20010316 1200 -9.99 0
 20010416 1200 27.09 1
 20010516 1200 26.00 1
 20010616 1200 25.00 1
 20010716 1200 23.99 1
 20010816 1200 22.44 1
 20010916 1200 22.33 1
 20011016 1200 22.52 1
 20011116 1200 23.02 1
 20011216 1200 23.51 1
 20020116 1200 24.76 1
 20020215 1200 26.00 1
 20020316 1200 27.05 1
 20020416 1200 27.20 1
 20020516 1200 25.99 1
 20020616 1200 26.85 1
 20020716 1200 24.89 1
 20020816 1200 23.68 1
 20020916 1200 24.38 1
 20021016 1200 24.67 1
 20021116 1200 25.62 1
 20021216 1200 25.57 1
 20030116 1200 25.39 1
 20030215 1200 26.04 1
 20030316 1200 26.72 1
 20030416 1200 26.22 1
 20030516 1200 25.13 1
 20030616 1200 23.82 1
 20030716 1200 24.84 1
 20030816 1200 23.28 1
 20030916 1200 23.39 1
 20031016 1200 24.00 1
 20031116 1200 23.90 1
 20031216 1200 24.86 1
 20040116 1200 25.09 1
 20040215 1200 25.76 1
 20040316 1200 26.83 1
 20040416 1200 25.60 1
 20040516 1200 25.03 1
 20040616 1200 25.06 1
 20040716 1200 23.86 1
 20040816 1200 23.61 1
 20040916 1200 23.35 1
 20041016 1200 23.78 1
 20041116 1200 24.17 1
 20041216 1200 24.80 1
 20050116 1200 24.67 1
 20050215 1200 25.70 1
 20050316 1200 26.45 1
 20050416 1200 27.69 2
 20050516 1200 26.83 2
 20050616 1200 25.56 2
 20050716 1200 24.62 2
 20050816 1200 23.58 2
 20050916 1200 23.10 2
 20051016 1200 -9.99 0
 20051116 1200 22.96 2
 20051216 1200 23.00 2
 20060116 1200 24.52 2
 20060215 1200 25.70 2
 20060316 1200 25.84 2
 20060416 1200 26.84 2
 20060516 1200 26.57 2
 Time: 1200 16 Dec 2006 to 1200 16 Jan 2014 (index   254 to   339,   86 times)
 Depth (M):       -3 QUALITY
 YYYYMMDD HHMM  AIRT Q
 20061216 1200 25.57 1
 20070116 1200 25.97 1
 20070215 1200 25.78 1
 20070316 1200 25.61 1
 20070416 1200 26.10 1
 20070516 1200 24.73 1
 20070616 1200 24.48 1
 20070716 1200 23.26 1
 20070816 1200 21.57 1
 20070916 1200 21.38 1
 20071016 1200 21.97 1
 20071116 1200 21.22 1
 20071216 1200 22.00 1
 20080116 1200 23.59 2
 20080215 1200 24.99 2
 20080316 1200 26.35 2
 20080416 1200 26.99 2
 20080516 1200 26.71 2
 20080616 1200 25.66 2
 20080716 1200 25.23 2
 20080816 1200 24.91 2
 20080916 1200 24.51 2
 20081016 1200 23.90 2
 20081116 1200 23.85 2
 20081216 1200 -9.99 0
 20090116 1200 24.89 1
 20090215 1200 25.38 1
 20090316 1200 25.21 1
 20090416 1200 26.87 1
 20090516 1200 26.71 1
 20090616 1200 26.26 1
 20090716 1200 25.64 1
 20090816 1200 24.68 1
 20090916 1200 24.48 1
 20091016 1200 24.33 1
 20091116 1200 24.90 1
 20091216 1200 25.79 1
 20100116 1200 26.18 1
 20100215 1200 26.57 1
 20100316 1200 27.07 2
 20100416 1200 27.95 2
 20100516 1200 26.60 2
 20100616 1200 25.26 2
 20100716 1200 24.11 2
 20100816 1200 22.53 2
 20100916 1200 22.70 2
 20101016 1200 22.07 2
 20101116 1200 -9.99 0
 20101216 1200 -9.99 0
 20110116 1200 20.39 2
 20110215 1200 23.48 2
 20110316 1200 25.83 2
 20110416 1200 27.41 2
 20110516 1200 26.73 2
 20110616 1200 26.08 2
 20110716 1200 25.43 2
 20110816 1200 23.81 2
 20110916 1200 23.11 2
 20111016 1200 22.96 2
 20111116 1200 22.50 2
 20111216 1200 23.80 2
 20120116 1200 24.54 2
 20120215 1200 26.02 2
 20120316 1200 26.18 2
 20120416 1200 27.29 2
 20120516 1200 26.35 2
 20120616 1200 26.20 2
 20120716 1200 25.96 2
 20120816 1200 24.36 2
 20120916 1200 23.80 2
 20121016 1200 23.12 2
 20121116 1200 24.18 2
 20121216 1200 24.23 2
 20130116 1200 24.36 2
 20130215 1200 25.59 2
 20130316 1200 27.28 2
 20130416 1200 26.68 2
 20130516 1200 24.54 2
 20130616 1200 24.38 2
 20130716 1200 23.50 2
 20130816 1200 22.43 2
 20130916 1200 23.00 2
 20131016 1200 23.70 2
 20131116 1200 23.16 2
 20131216 1200 23.63 2
 20140116 1200 24.40 2
