 Location:  0N 140W  16 Apr 1983 to 16 Jun 2013 (  363 times, 25 depths, 18 blocks) Gen. Date Feb 10 2014
 Units: Depth (Meters), Temperature (C), -9.999 = missing
 Time: 1200 16 Apr 1983 to 1200 16 Oct 1983 (index     1 to     7,     7 lines,  7 depths)
 Index:              1      4      7     14     17     20     23
 Depth(M):           1     10     25     80    120    160    250 QUALITY INDICES
 YYYYMMDD HHMM     SST   TEMP   TEMP   TEMP   TEMP   TEMP   TEMP TTTTTTT
 19830416 1200  -9.999 29.263 29.119 22.597 18.473 14.919 12.709 0222222
 19830516 1200  -9.999 28.996 28.458 21.089 17.222 14.454 12.404 0222222
 19830616 1200  -9.999 27.051 25.626 20.116 16.590 14.156 12.395 0222222
 19830716 1200  -9.999 24.863 24.242 19.413 15.791 13.914 12.142 0222222
 19830816 1200  -9.999 24.191 23.205 18.233 14.918 13.539 11.994 0222222
 19830916 1200  -9.999 23.086 22.057 17.176 14.716 13.307 12.006 0222222
 19831016 1200  -9.999 23.851 23.063 17.394 15.095 13.761 12.243 0222222
 Time: 1200 16 Nov 1983 to 1200 16 Oct 1984 (index     8 to    19,    12 lines, 13 depths)
 Index:              1      4      7      9     11     13     14     16     17     19     20     22     23
 Depth(M):           1     10     25     35     45     60     80    100    120    140    160    200    250 QUALITY INDICES
 YYYYMMDD HHMM     SST   TEMP   TEMP   TEMP   TEMP   TEMP   TEMP   TEMP   TEMP   TEMP   TEMP   TEMP   TEMP TTTTTTTTTTTTT
 19831116 1200  23.948 23.802 23.428 23.090 22.558 21.288 19.281 17.186 15.810 14.838 13.954 13.087 12.545 2222222222222
 19831216 1200  -9.999 23.124 22.868 22.559 22.140 21.341 19.836 17.838 16.434 15.368 14.533 13.249 12.518 0222222222222
 19840116 1200  -9.999 23.535 23.382 23.245 22.997 22.520 21.401 19.266 17.322 15.874 14.683 13.223 12.499 0222222222222
 19840215 1200  -9.999 24.967 24.312 23.811 23.270 22.556 20.233 17.503 15.538 14.636 14.184 12.985 11.993 0222222222222
 19840316 1200  -9.999 25.564 24.408 23.160 22.065 20.056 17.559 16.120 15.347 14.403 13.686 12.847 12.071 0222222222222
 19840416 1200  -9.999 25.709 25.055 24.476 23.715 22.024 19.484 16.913 -9.999 14.430 13.687 12.749 11.985 0222222202222
 19840516 1200  25.957 25.913 25.419 24.747 23.323 -9.999 18.231 16.616 15.263 -9.999 13.769 12.698 12.030 2222202220222
 19840616 1200  -9.999 24.861 24.747 24.670 24.098 -9.999 19.532 17.577 16.155 -9.999 14.175 12.891 12.160 0222202220222
 19840716 1200  -9.999 25.359 25.332 25.354 25.109 -9.999 22.829 19.919 17.717 -9.999 14.779 13.309 12.238 0222202220222
 19840816 1200  -9.999 24.870 24.758 24.633 24.098 -9.999 21.005 18.581 16.566 -9.999 14.485 12.851 12.066 0222202220222
 19840916 1200  -9.999 24.901 24.764 24.675 24.312 -9.999 23.096 21.450 18.746 -9.999 15.608 13.468 12.475 0222202220222
 19841016 1200  -9.999 24.601 24.427 24.243 23.749 -9.999 21.585 18.964 17.121 -9.999 14.479 12.956 12.218 0222202220222
 Time: 1200 16 Nov 1984 to 1200 16 Sep 1987 (index    20 to    54,    35 lines, 14 depths)
 Index:              1      4      7      9     11     13     14     16     17     19     20     22     23     24
 Depth(M):           1     10     25     35     45     60     80    100    120    140    160    200    250    300 QUALITY INDICES
 YYYYMMDD HHMM     SST   TEMP   TEMP   TEMP   TEMP   TEMP   TEMP   TEMP   TEMP   TEMP   TEMP   TEMP   TEMP   TEMP TTTTTTTTTTTTTT
 19841116 1200  23.728 23.694 23.389 23.146 22.878 22.417 21.769 20.789 19.193 17.308 15.872 13.771 12.426 11.911 22222222222222
 19841216 1200  23.724 23.907 23.809 23.730 23.582 23.131 21.940 19.726 17.646 15.855 14.709 13.299 12.227 11.568 22222222222222
 19850116 1200  23.454 23.678 23.530 23.395 23.170 22.665 21.706 20.341 18.741 16.962 15.450 13.746 12.512 11.853 22222222222222
 19850215 1200  24.127 24.237 24.060 23.944 23.797 23.578 22.952 22.004 19.855 17.547 15.726 13.669 12.651 11.670 22222222222222
 19850316 1200  24.715 24.778 24.517 24.276 -9.999 23.183 21.293 18.651 16.377 15.049 14.030 12.895 12.058 11.355 22220222222222
 19850416 1200  25.338 25.269 24.943 24.720 -9.999 23.839 22.846 21.137 18.353 -9.999 15.177 13.527 12.294 11.692 22220222202222
 19850516 1200  25.719 25.668 25.576 25.545 25.291 -9.999 23.066 20.824 18.005 15.990 14.689 -9.999 12.378 11.547 22222022222022
 19850616 1200  26.005 25.962 25.862 25.777 25.446 -9.999 23.235 20.110 17.536 15.853 14.778 -9.999 12.154 11.616 22222022222022
 19850716 1200  25.730 25.699 25.605 25.557 25.308 -9.999 23.585 20.838 18.835 16.991 15.185 -9.999 12.548 11.956 22222022222022
 19850816 1200  -9.999 25.643 25.604 25.655 25.490 -9.999 24.604 22.780 20.140 17.684 15.509 -9.999 12.485 12.116 02222022222022
 19850916 1200  -9.999 24.622 24.550 24.615 24.369 -9.999 23.273 21.283 18.420 16.076 14.623 -9.999 12.282 11.986 02222022222022
 19851016 1200  24.935 24.826 24.746 24.742 24.598 24.449 23.756 21.864 18.852 16.966 15.223 -9.999 12.271 11.904 22222222222022
 19851116 1200  24.840 24.810 24.747 24.728 24.590 24.380 23.759 22.736 20.723 18.356 16.608 -9.999 12.674 11.988 22222222222022
 19851216 1200  24.674 24.625 24.588 24.587 24.477 24.391 23.875 22.633 20.932 19.022 16.609 13.659 12.546 11.963 22222222222222
 19860116 1200  24.392 24.347 24.327 24.335 24.241 24.174 23.779 22.276 19.627 17.103 15.278 13.282 12.244 11.641 22222222222222
 19860215 1200  24.505 24.416 24.262 24.155 23.900 23.527 22.535 20.589 17.546 15.428 14.140 12.955 12.280 11.462 22222222222222
 19860316 1200  25.249 25.088 24.902 24.796 24.567 24.288 23.320 21.029 18.406 16.570 15.145 13.357 12.419 11.708 22222222222222
 19860416 1200  26.139 26.001 25.804 25.667 25.275 24.657 22.702 -9.999 17.575 -9.999 14.341 12.856 12.123 11.187 22222220202222
 19860516 1200  26.515 26.397 26.240 -9.999 25.848 -9.999 23.158 -9.999 18.689 -9.999 15.377 13.396 12.248 -9.999 22202020202220
 19860616 1200  26.726 26.719 26.665 26.549 26.564 -9.999 25.148 -9.999 20.866 17.084 16.001 13.381 12.350 11.672 22222020222222
 19860716 1200  26.228 26.215 26.135 26.173 26.008 -9.999 24.129 -9.999 18.517 16.028 14.631 12.935 12.122 11.424 22222020222222
 19860816 1200  26.493 26.472 26.376 26.296 26.103 -9.999 25.646 -9.999 21.195 18.496 16.555 13.961 12.574 12.073 22222020222222
 19860916 1200  26.662 26.639 26.557 26.633 26.535 -9.999 26.090 -9.999 21.870 19.469 16.948 13.548 12.498 11.991 22222020222222
 19861016 1200  -9.999 26.716 26.609 26.666 26.469 -9.999 26.157 -9.999 24.067 20.772 17.216 14.014 12.704 12.182 02222020222222
 19861116 1200  26.894 26.872 26.797 26.806 -9.999 26.718 -9.999 25.431 21.773 17.890 15.866 13.357 12.565 11.874 22220202222222
 19861216 1200  26.765 26.771 26.715 26.750 -9.999 26.770 -9.999 26.466 25.158 21.748 19.192 15.346 13.042 12.277 22220202222222
 19870116 1200  27.175 27.175 27.110 27.137 -9.999 27.096 -9.999 26.782 26.285 24.534 20.897 14.967 13.006 12.122 22220202222222
 19870215 1200  27.228 27.185 27.091 27.074 -9.999 26.704 -9.999 22.215 18.271 15.181 13.887 13.074 12.192 10.867 22220202222222
 19870316 1200  -9.999 27.421 27.267 27.231 -9.999 26.984 -9.999 23.991 19.911 16.766 14.935 13.194 12.491 11.614 02220202222222
 19870416 1200  -9.999 28.238 28.074 27.942 -9.999 27.028 -9.999 21.048 17.751 15.555 14.292 13.120 12.486 11.409 02220202222222
 19870516 1200  28.984 28.738 28.619 28.546 28.374 27.731 26.147 22.759 18.304 16.651 15.089 13.075 12.508 11.791 22222222222222
 19870616 1200  29.067 28.931 28.853 28.904 28.705 28.034 25.863 23.773 18.460 16.312 14.624 13.086 12.310 11.457 22222222222222
 19870716 1200  27.829 27.654 27.521 27.481 27.106 25.948 23.248 21.751 18.597 16.932 15.296 13.358 12.527 11.536 22222222222222
 19870816 1200  27.892 27.753 27.648 27.716 27.579 27.405 26.470 25.710 21.521 19.441 17.313 13.896 12.702 12.018 22222222222222
 19870916 1200  27.086 26.926 26.717 26.660 26.368 25.845 24.125 22.893 19.446 17.288 15.345 13.321 12.502 11.768 22222222222222
 Time: 1200 16 Oct 1987 to 1200 16 Apr 1990 (index    55 to    85,    31 lines, 12 depths)
 Index:              1      4      7     10     13     14     16     17     19     22     24     25
 Depth(M):           1     10     25     40     60     80    100    120    140    200    300    500 QUALITY INDICES
 YYYYMMDD HHMM     SST   TEMP   TEMP   TEMP   TEMP   TEMP   TEMP   TEMP   TEMP   TEMP   TEMP   TEMP TTTTTTTTTTTT
 19871016 1200  26.932 26.812 26.611 26.528 -9.999 24.528 22.761 19.871 17.616 13.294 11.851  7.934 222202222222
 19871116 1200  26.833 26.778 26.666 26.509 -9.999 24.877 22.353 20.002 17.775 13.453 11.886  8.079 222202222222
 19871216 1200  26.036 26.020 25.936 25.829 -9.999 23.069 20.211 17.703 15.995 12.962 11.503  8.009 222202222222
 19880116 1200  25.621 25.600 25.490 25.377 -9.999 24.005 21.915 19.197 16.966 13.627 11.781  8.470 222202222222
 19880215 1200  25.976 25.863 25.626 25.364 -9.999 21.656 18.216 15.981 14.441 12.597 10.842  7.844 222202222222
 19880316 1200  25.333 25.083 24.404 23.356 -9.999 17.290 15.902 14.774 13.957 12.599 11.008  8.211 222202222222
 19880416 1200  25.472 25.231 24.059 22.006 -9.999 17.045 -9.999 14.587 13.616 12.396 10.899  8.000 222202022222
 19880516 1200  23.517 23.404 22.761 21.996 -9.999 17.089 -9.999 14.708 13.754 12.383 11.234  8.244 222202022222
 19880616 1200  23.837 23.828 23.685 23.299 21.437 19.133 17.492 16.074 14.726 12.690 -9.999 -9.999 222222222200
 19880716 1200  23.537 23.557 23.458 23.277 22.547 20.608 18.376 17.031 15.471 12.818 -9.999 -9.999 222222222200
 19880816 1200  23.133 23.018 22.629 21.994 21.150 19.505 17.495 16.148 14.887 12.772 -9.999 -9.999 222222222200
 19880916 1200  23.553 23.513 23.189 22.532 20.916 19.076 17.092 15.633 14.648 12.809 -9.999 -9.999 222222222200
 19881016 1200  21.623 21.477 21.110 20.425 18.728 16.505 15.201 14.317 13.637 12.147 -9.999 -9.999 222222222200
 19881116 1200  21.435 21.237 20.800 20.285 18.398 18.476 16.148 15.505 14.131 12.612 -9.999 -9.999 222222222200
 19881216 1200  22.880 22.777 22.466 22.152 -9.999 20.730 -9.999 18.042 -9.999 13.196 -9.999  8.250 222202020202
 19890116 1200  23.035 22.904 22.654 22.492 -9.999 21.372 -9.999 18.415 -9.999 13.359 -9.999  8.098 222202020202
 19890215 1200  24.370 24.159 23.834 23.570 -9.999 21.515 -9.999 17.261 -9.999 12.985 -9.999  8.132 222202020202
 19890316 1200  24.473 24.291 23.951 23.545 -9.999 21.246 -9.999 17.972 -9.999 13.295 -9.999  8.446 222202020202
 19890416 1200  25.416 25.247 24.936 24.729 -9.999 23.210 -9.999 19.465 -9.999 13.303 -9.999  8.550 222202020202
 19890516 1200  25.947 25.856 25.662 25.425 -9.999 23.645 -9.999 19.570 -9.999 13.190 -9.999  8.377 222202020202
 19890616 1200  26.079 25.965 25.865 25.775 25.233 23.907 -9.999 19.061 16.304 13.034 11.820 -9.999 222222022220
 19890716 1200  25.833 25.745 25.669 25.547 24.805 23.100 -9.999 18.461 16.524 12.792 11.662 -9.999 222222022220
 19890816 1200  25.424 25.325 25.227 25.066 24.496 23.133 -9.999 17.873 15.863 12.924 11.851 -9.999 222222022220
 19890916 1200  25.129 25.010 24.854 24.705 24.320 23.750 -9.999 19.979 17.311 13.347 11.851 -9.999 222222022220
 19891016 1200  24.913 24.810 24.735 24.731 24.473 23.927 -9.999 20.025 17.161 13.318 11.665 -9.999 222222022220
 19891116 1200  24.557 24.425 24.301 24.292 23.987 23.411 -9.999 19.996 17.412 13.385 11.677 -9.999 222222022220
 19891216 1200  25.236 25.107 25.059 25.050 24.830 24.197 -9.999 21.939 19.692 14.361 12.075  8.475 222222022222
 19900116 1200  25.524 25.401 25.360 25.398 25.335 24.592 -9.999 22.384 20.671 13.965 11.637  7.963 222222022222
 19900215 1200  25.693 25.514 25.421 25.405 25.253 24.738 -9.999 22.022 19.500 13.474 11.575  8.024 222222022222
 19900316 1200  26.675 26.435 26.313 26.311 26.204 25.693 -9.999 22.782 18.907 13.125 11.574  7.923 222222022222
 19900416 1200  27.339 27.109 26.990 26.898 26.550 25.597 -9.999 19.464 15.887 13.031 11.767  8.128 222222022222
 Time: 1200 16 May 1990 to 1200 16 Apr 1991 (index    86 to    97,    12 lines, 14 depths)
 Index:              1      4      7      9     11     13     14     16     17     19     22     23     24     25
 Depth(M):           1     10     25     35     45     60     80    100    120    140    200    250    300    500 QUALITY INDICES
 YYYYMMDD HHMM     SST   TEMP   TEMP   TEMP   TEMP   TEMP   TEMP   TEMP   TEMP   TEMP   TEMP   TEMP   TEMP   TEMP TTTTTTTTTTTTTT
 19900516 1200  27.267 27.104 27.031 27.034 26.696 26.089 24.035 21.274 17.931 -9.999 12.953 12.252 11.791 -9.999 22222222202220
 19900616 1200  26.427 26.294 26.129 25.993 25.548 24.655 21.853 19.111 17.197 -9.999 12.851 12.209 11.602 -9.999 22222222202220
 19900716 1200  26.845 26.746 26.640 26.539 26.189 25.805 24.428 21.946 19.481 -9.999 13.477 12.509 11.993 -9.999 22222222202220
 19900816 1200  26.084 25.992 25.958 25.988 25.766 25.507 24.664 22.411 19.626 -9.999 13.183 12.293 11.905 -9.999 22222222202220
 19900916 1200  25.138 25.007 24.894 24.841 24.590 24.273 23.556 22.389 20.172 -9.999 13.459 12.378 11.936 -9.999 22222222202220
 19901016 1200  25.781 25.615 25.647 25.627 25.477 25.362 24.939 24.365 21.762 -9.999 13.694 12.491 11.892 -9.999 22222222202220
 19901116 1200  25.624 -9.999 25.473 25.335 25.318 25.135 24.535 23.273 20.483 17.956 13.539 12.508 11.842  8.123 20222222222222
 19901216 1200  25.915 -9.999 25.767 25.621 25.603 25.470 25.251 25.068 24.375 23.082 14.799 12.635 12.107  8.219 20222222222222
 19910116 1200  26.118 -9.999 26.020 25.943 -9.999 26.008 25.822 25.512 24.160 21.847 14.125 12.516 11.498  7.630 20220222222222
 19910215 1200  -9.999 -9.999 25.883 25.741 -9.999 25.410 24.522 22.087 18.283 16.025 12.909 12.065 11.050  7.584 00220222222222
 19910316 1200  -9.999 -9.999 25.626 25.372 -9.999 24.968 23.839 20.939 17.762 15.923 12.967 12.154 11.236  7.872 00220222222222
 19910416 1200  -9.999 -9.999 26.785 26.616 -9.999 26.138 25.399 23.233 20.262 18.080 13.932 12.384 11.777  8.365 00220222222222
 Time: 1200 16 May 1991 to 1200 16 Oct 1991 (index    98 to   103,     6 lines, 12 depths)
 Index:              1      2      7     10     13     14     16     17     19     22     24     25
 Depth(M):           1      3     25     40     60     80    100    120    140    200    300    500 QUALITY INDICES
 YYYYMMDD HHMM     SST   TEMP   TEMP   TEMP   TEMP   TEMP   TEMP   TEMP   TEMP   TEMP   TEMP   TEMP TTTTTTTTTTTT
 19910516 1200  27.652 27.526 27.396 27.243 26.727 25.555 23.049 20.055 17.433 12.925 11.546  8.275 222222222222
 19910616 1200  27.760 27.633 27.509 27.323 26.897 25.231 22.130 19.418 17.592 13.360 11.665  8.158 222222222222
 19910716 1200  27.075 26.960 26.930 26.858 26.573 25.301 22.571 20.154 17.586 13.297 11.866  8.112 222222222222
 19910816 1200  26.367 26.252 26.203 26.090 25.725 24.557 21.889 19.816 17.720 13.460 11.946  8.105 222222222222
 19910916 1200  25.860 25.713 25.477 25.267 25.011 24.574 23.593 21.294 18.600 13.515 11.806  8.036 222222222222
 19911016 1200  27.311 27.197 27.005 26.719 26.701 26.589 26.277 24.841 21.907 14.190 11.827  8.058 222222222222
 Time: 1200 16 Nov 1991 to 1200 16 Dec 1991 (index   104 to   105,     2 lines, 16 depths)
 Index:              1      2      4      7      9     11     13     14     16     17     19     20     22     23     24     25
 Depth(M):           1      3     10     25     35     45     60     80    100    120    140    160    200    250    300    500 QUALITY INDICES
 YYYYMMDD HHMM     SST   TEMP   TEMP   TEMP   TEMP   TEMP   TEMP   TEMP   TEMP   TEMP   TEMP   TEMP   TEMP   TEMP   TEMP   TEMP TTTTTTTTTTTTTTTT
 19911116 1200  27.224 27.184 27.141 27.113 27.021 26.951 26.882 26.688 26.262 24.472 20.794 16.839 13.504 -9.999 11.910  8.023 2222222222222022
 19911216 1200  27.750 27.744 27.720 27.460 27.435 27.662 27.650 27.514 27.336 27.044 26.040 23.929 15.262 -9.999 12.108  8.125 2222222222222022
 Time: 1200 16 Jan 1992 to 1200 16 May 1994 (index   106 to   134,    29 lines, 13 depths)
 Index:              1      2      4      7     11     13     14     16     17     19     22     24     25
 Depth(M):           1      3     10     25     45     60     80    100    120    140    200    300    500 QUALITY INDICES
 YYYYMMDD HHMM     SST   TEMP   TEMP   TEMP   TEMP   TEMP   TEMP   TEMP   TEMP   TEMP   TEMP   TEMP   TEMP TTTTTTTTTTTTT
 19920116 1200  27.903 27.855 27.808 -9.999 27.656 27.608 27.409 27.043 -9.999 21.442 14.361 11.934  8.135 2220222202222
 19920215 1200  28.440 28.421 28.404 -9.999 28.346 28.309 28.173 27.769 -9.999 22.139 13.918 11.822  7.871 2220222202222
 19920316 1200  28.379 28.261 28.143 -9.999 27.815 27.694 26.343 22.488 -9.999 15.746 13.259 11.807  7.896 2220222202222
 19920416 1200  28.652 28.602 28.537 -9.999 27.880 27.055 25.270 22.058 -9.999 16.679 13.430 11.772  7.990 2220222202222
 19920516 1200  28.003 27.903 27.855 27.692 26.843 24.652 20.406 19.100 17.555 16.123 13.271 12.103  8.163 2222222222222
 19920616 1200  26.114 25.998 25.929 25.579 24.510 23.146 20.696 19.634 17.818 16.188 13.123 11.864  8.230 2222222222222
 19920716 1200  25.488 25.364 25.306 25.084 24.461 23.729 21.236 19.844 17.912 16.194 13.158 11.796  8.058 2222222222222
 19920816 1200  24.655 24.545 24.505 24.212 23.466 22.845 21.271 19.724 17.955 16.558 13.313 11.977  8.233 2222222222222
 19920916 1200  25.792 25.734 25.634 25.419 -9.999 23.814 22.427 20.359 18.494 16.986 13.146 11.855  8.223 2222022222222
 19921016 1200  25.148 25.137 25.028 24.914 -9.999 24.339 22.959 20.922 18.565 16.630 13.259 11.546  7.952 2222022222222
 19921116 1200  25.098 25.073 24.923 24.657 -9.999 23.912 23.057 21.760 19.519 17.907 13.820 11.951  8.180 2222022222222
 19921216 1200  25.558 25.555 25.465 25.410 -9.999 25.218 24.758 23.968 22.087 19.736 14.468 11.950  8.051 2222022222222
 19930116 1200  25.609 25.603 25.493 25.405 -9.999 24.913 24.472 23.624 22.109 19.537 14.092 11.782  7.986 2222022222222
 19930215 1200  26.346 26.341 26.185 26.039 -9.999 25.430 24.904 23.097 20.050 16.839 13.004 11.441  7.635 2222022222222
 19930316 1200  26.631 26.587 26.272 26.020 -9.999 25.490 24.706 22.536 19.211 16.635 13.517 11.705  8.192 2222022222222
 19930416 1200  28.073 28.001 -9.999 27.332 -9.999 26.123 25.153 21.953 18.657 17.006 13.445 11.681  8.380 2202022222222
 19930516 1200  28.089 -9.999 27.849 27.565 27.014 26.380 24.929 21.447 18.745 16.625 13.077 11.270  8.743 2022222222222
 19930616 1200  27.501 -9.999 27.371 27.223 26.624 25.214 22.032 19.235 17.282 15.673 12.734 10.970  8.905 2022222222222
 19930716 1200  25.776 -9.999 25.652 25.505 25.002 23.853 21.115 18.878 17.202 15.813 13.155 11.340  8.986 2022222222222
 19930816 1200  25.153 -9.999 24.945 24.557 23.636 22.634 20.867 18.817 17.029 15.676 13.113 11.524  9.052 2022222222222
 19930916 1200  25.684 -9.999 25.505 25.276 24.919 -9.999 23.799 22.583 20.765 18.636 14.102 12.162  8.975 2022202222222
 19931016 1200  25.918 -9.999 25.740 25.617 25.307 -9.999 23.253 -9.999 18.966 16.703 13.074 11.850  8.344 2022202022222
 19931116 1200  25.681 -9.999 25.488 25.446 25.267 -9.999 24.217 -9.999 20.141 17.599 13.519 11.927  8.305 2022202022222
 19931216 1200  25.871 -9.999 25.723 25.639 25.275 -9.999 24.290 -9.999 18.794 -9.999 13.288 11.762  8.128 2022202020222
 19940116 1200  25.069 -9.999 24.866 24.789 24.381 -9.999 21.973 -9.999 17.363 -9.999 13.047 11.761  8.280 2022202020222
 19940215 1200  25.426 -9.999 25.245 25.143 24.794 -9.999 22.576 -9.999 17.259 -9.999 12.834 11.224  7.890 2022202020222
 19940316 1200  26.128 -9.999 25.768 25.431 24.806 -9.999 20.386 -9.999 15.739 -9.999 12.814 11.292  8.300 2022202020222
 19940416 1200  27.042 -9.999 26.787 26.592 25.414 -9.999 21.472 -9.999 17.241 -9.999 13.098 11.744  8.401 2022202020222
 19940516 1200  26.988 -9.999 26.794 26.631 26.036 -9.999 23.170 -9.999 18.789 -9.999 13.398 12.001  8.476 2022202020222
 Time: 1200 16 Jun 1994 to 1200 16 Apr 1998 (index   135 to   181,    47 lines, 13 depths)
 Index:              1      3      4      7     11     13     14     16     17     19     22     24     25
 Depth(M):           1      5     10     25     45     60     80    100    120    140    200    300    500 QUALITY INDICES
 YYYYMMDD HHMM     SST   TEMP   TEMP   TEMP   TEMP   TEMP   TEMP   TEMP   TEMP   TEMP   TEMP   TEMP   TEMP TTTTTTTTTTTTT
 19940616 1200  26.668 26.617 26.552 26.389 25.736 24.543 22.791 20.684 18.888 16.872 13.113 11.702 -9.999 2222222222220
 19940716 1200  25.805 25.791 25.767 25.706 25.402 24.693 22.377 20.323 18.515 16.480 13.193 11.995 -9.999 2222222222220
 19940816 1200  26.347 26.329 26.301 26.253 26.104 25.808 25.062 23.271 20.695 18.558 14.134 12.095 -9.999 2222222222220
 19940916 1200  25.957 25.913 25.872 25.809 25.622 25.261 24.564 22.631 20.199 17.766 13.411 11.828 -9.999 2222222222220
 19941016 1200  26.841 26.826 26.790 26.748 26.566 26.305 26.111 25.038 23.010 20.003 13.969 12.021  8.252 2222222222222
 19941116 1200  27.148 27.139 27.104 27.074 27.019 26.945 26.650 25.923 23.866 19.547 13.595 11.984  8.271 2222222222222
 19941216 1200  26.888 26.884 26.869 26.816 26.708 26.546 26.098 24.502 21.797 17.977 13.884 11.814  8.209 2222222222222
 19950116 1200  26.237 26.227 26.192 26.144 26.064 25.973 25.630 24.283 21.908 19.355 14.291 11.876  7.978 2222222222222
 19950215 1200  26.454 26.397 26.325 26.179 25.836 25.294 23.333 19.694 17.122 15.386 12.983 11.399  7.676 2222222222222
 19950316 1200  26.392 26.312 26.227 26.039 25.359 24.420 21.974 18.617 16.647 15.277 12.866 11.439  7.952 2222222222222
 19950416 1200  26.861 26.771 26.693 26.394 25.374 23.770 20.370 -9.999 16.646 15.369 12.994 11.451 -9.999 2222222022220
 19950516 1200  25.916 25.866 25.808 25.583 24.865 23.919 21.649 -9.999 18.256 16.705 13.396 11.805 -9.999 2222222022220
 19950616 1200  26.166 26.138 26.091 25.870 25.407 24.900 23.625 -9.999 18.728 16.631 13.066 11.555 -9.999 2222222022220
 19950716 1200  25.561 25.531 25.485 25.234 24.463 23.169 20.699 -9.999 17.230 15.628 13.178 11.528 -9.999 2222222022220
 19950816 1200  24.918 24.908 24.870 24.641 23.891 22.883 21.182 -9.999 17.000 15.505 13.195 11.473 -9.999 2222222022220
 19950916 1200  24.396 24.376 24.366 24.079 23.266 -9.999 20.439 17.734 16.634 15.311 13.115 -9.999  8.042 2222202222202
 19951016 1200  23.827 23.775 23.765 23.487 22.761 -9.999 20.484 18.425 16.915 15.526 13.250 -9.999  8.186 2222202222202
 19951116 1200  24.239 24.214 24.239 24.077 23.533 -9.999 21.705 20.056 18.059 16.379 13.387 -9.999  8.116 2222202222202
 19951216 1200  23.574 -9.999 24.061 23.795 23.320 -9.999 22.204 21.004 18.979 16.909 13.301 -9.999  8.281 2022202222202
 19960116 1200  -9.999 -9.999 24.375 24.186 23.984 -9.999 23.271 21.934 19.594 17.558 13.571 -9.999  8.059 0022202222202
 19960215 1200  -9.999 -9.999 24.541 24.281 23.901 -9.999 22.222 19.852 17.395 -9.999 13.198 -9.999  7.932 0022202220202
 19960316 1200  -9.999 -9.999 24.996 24.711 24.205 -9.999 21.484 19.693 17.794 -9.999 13.037 -9.999  8.047 0022202220202
 19960416 1200  -9.999 -9.999 26.355 26.081 25.588 -9.999 23.237 20.159 18.008 -9.999 13.144 -9.999  7.998 0022202220202
 19960516 1200  -9.999 -9.999 26.053 25.883 25.427 -9.999 22.150 -9.999 17.391 -9.999 13.075 -9.999  8.342 0022202020202
 19960616 1200  26.753 26.653 26.362 26.164 25.821 25.377 24.135 21.809 19.368 16.789 13.489 11.499  8.307 2222222222222
 19960716 1200  26.270 26.229 26.216 26.026 25.454 24.506 22.739 20.255 18.103 16.558 13.049 11.627  8.247 2222222222222
 19960816 1200  25.647 25.603 25.574 25.305 24.464 23.531 22.496 20.531 18.539 16.713 13.388 11.929  8.304 2222222222222
 19960916 1200  25.011 24.959 24.912 24.714 24.202 23.572 22.348 20.277 17.892 16.092 13.219 11.829 -9.999 2222222222220
 19961016 1200  25.011 24.984 24.939 24.787 24.424 24.126 23.589 21.903 19.534 17.356 -9.999 12.080 -9.999 2222222222020
 19961116 1200  24.581 24.550 24.511 24.383 24.064 23.602 22.561 20.731 18.239 16.361 -9.999 11.998 -9.999 2222222222020
 19961216 1200  24.381 24.365 24.344 24.284 24.156 23.963 23.398 21.933 19.689 17.681 -9.999 12.099 -9.999 2222222222020
 19970116 1200  24.908 24.896 24.874 24.800 24.624 24.424 24.123 23.486 22.162 20.019 -9.999 12.135 -9.999 2222222222020
 19970215 1200  25.509 25.487 25.452 25.364 25.190 24.986 24.761 23.839 21.761 18.885 -9.999 11.681 -9.999 2222222222020
 19970316 1200  26.309 26.232 26.163 25.978 25.365 24.886 23.896 20.827 17.986 16.193 -9.999 11.550 -9.999 2222222222020
 19970416 1200  27.120 27.049 26.996 26.879 26.676 26.572 26.060 25.718 25.002 -9.999 14.286 -9.999  8.167 2222222220202
 19970516 1200  27.993 27.937 27.894 27.776 27.443 26.956 26.804 26.357 25.332 -9.999 13.392 -9.999  8.062 2222222220202
 19970616 1200  28.851 -9.999 28.753 28.697 28.634 28.497 28.340 -9.999 26.910 -9.999 13.980 -9.999  8.156 2022222020202
 19970716 1200  28.917 -9.999 28.903 28.894 28.876 28.522 27.900 -9.999 23.617 -9.999 13.629 -9.999  8.113 2022222020202
 19970816 1200  28.243 -9.999 28.153 28.053 27.794 27.425 27.098 -9.999 22.797 -9.999 14.729 -9.999  8.368 2022222020202
 19970916 1200  28.655 -9.999 28.617 28.562 28.418 28.282 28.169 -9.999 26.584 -9.999 15.144 -9.999  8.215 2022222020202
 19971016 1200  29.255 -9.999 29.188 29.150 29.133 28.912 28.897 -9.999 28.278 -9.999 14.621 -9.999  8.018 2022222020202
 19971116 1200  29.771 29.715 29.704 29.683 29.708 -9.999 29.682 29.562 27.687 23.166 14.199 -9.999 -9.999 2222202222200
 19971216 1200  29.718 29.677 29.665 29.657 29.760 -9.999 29.566 27.935 22.347 17.345 13.534 -9.999 -9.999 2222202222200
 19980116 1200  29.451 29.414 29.415 29.450 29.430 -9.999 26.905 19.423 17.179 15.781 13.383 -9.999 -9.999 2222202222200
 19980215 1200  28.809 28.791 28.782 28.747 27.936 -9.999 21.397 18.688 17.001 15.317 13.430 -9.999 -9.999 2222202222200
 19980316 1200  28.476 28.465 28.443 27.936 24.925 -9.999 19.635 17.523 16.286 14.922 13.195 -9.999 -9.999 2222202222200
 19980416 1200  28.432 28.330 28.270 27.496 24.470 -9.999 18.725 17.025 15.756 14.665 12.908 -9.999 -9.999 2222202222200
 Time: 1200 16 May 1998 to 1200 16 Jan 1999 (index   182 to   190,     9 lines, 13 depths)
 Index:              1      3      4      7     11     13     14     16     17     19     22     24     25
 Depth(M):           1      5     10     25     45     60     80    100    120    140    200    300    500 QUALITY INDICES
 YYYYMMDD HHMM     SST   TEMP   TEMP   TEMP   TEMP   TEMP   TEMP   TEMP   TEMP   TEMP   TEMP   TEMP   TEMP TTTTTTTTTTTTT
 19980516 1200  27.632 27.620 27.515 25.965 21.830 -9.999 18.311 17.010 15.779 14.603 12.684 -9.999  8.240 1222202222202
 19980616 1200  22.982 22.904 22.806 21.987 19.817 -9.999 17.493 16.306 15.167 14.326 12.727 -9.999  8.265 1222202222202
 19980716 1200  22.933 22.840 22.728 21.895 19.164 -9.999 16.468 15.479 14.449 13.701 12.572 -9.999  8.015 1222202222202
 19980816 1200  22.443 22.370 22.243 21.116 18.490 -9.999 15.866 14.976 14.150 13.621 12.659 -9.999  7.903 1222202222202
 19980916 1200  22.607 22.449 22.276 21.593 20.583 -9.999 18.391 16.754 15.475 14.610 12.995 -9.999  8.057 1222202222202
 19981016 1200  23.364 23.310 23.228 22.695 21.596 20.158 17.234 15.465 14.766 14.358 12.935 -9.999 -9.999 1222222222200
 19981116 1200  22.867 22.814 22.721 22.119 20.845 19.519 17.507 15.836 14.982 14.296 12.935 -9.999 -9.999 1222222222200
 19981216 1200  22.011 21.970 21.916 21.663 20.954 20.108 18.354 16.010 15.031 14.372 13.070 -9.999 -9.999 1222222222200
 19990116 1200  22.638 22.591 22.527 22.335 22.060 21.616 20.118 17.870 16.309 15.413 13.266 -9.999 -9.999 1222222222200
 Time: 1200 15 Feb 1999 to 1200 16 Sep 1999 (index   191 to   198,     8 lines, 15 depths)
 Index:              1      3      4      6      7     10     11     13     14     16     17     19     21     24     25
 Depth(M):           1      5     10     20     25     40     45     60     80    100    120    140    180    300    500 QUALITY INDICES
 YYYYMMDD HHMM     SST   TEMP   TEMP   TEMP   TEMP   TEMP   TEMP   TEMP   TEMP   TEMP   TEMP   TEMP   TEMP   TEMP   TEMP TTTTTTTTTTTTTTT
 19990215 1200  23.439 23.302 23.181 22.936 22.676 -9.999 21.166 -9.999 17.330 -9.999 14.740 -9.999 12.923 10.870  7.622 222120201010111
 19990316 1200  24.864 24.539 24.336 23.930 23.709 -9.999 22.739 -9.999 18.927 -9.999 15.629 -9.999 13.546 11.247  7.850 222120201010111
 19990416 1200  25.852 25.666 25.538 25.200 24.975 -9.999 23.866 -9.999 19.654 -9.999 16.023 -9.999 13.360 11.147  8.345 222120201010111
 19990516 1200  25.962 25.928 25.895 25.774 25.674 -9.999 24.818 -9.999 20.587 -9.999 16.538 -9.999 13.171 11.127  8.270 222120201010111
 19990616 1200  25.686 25.661 25.642 25.527 25.413 -9.999 24.119 -9.999 20.817 -9.999 16.454 -9.999 13.095 11.665  8.034 222120201010111
 19990716 1200  25.554 25.538 25.542 25.475 25.426 -9.999 25.043 -9.999 21.599 -9.999 16.906 -9.999 13.002 11.447  7.911 222120201010111
 19990816 1200  23.714 23.679 23.650 23.463 23.337 -9.999 22.694 -9.999 19.110 -9.999 15.597 -9.999 12.934 11.256  7.848 222120201010111
 19990916 1200  24.212 24.190 24.147 23.966 23.867 -9.999 23.207 -9.999 21.126 -9.999 16.679 -9.999 13.295 11.261  8.030 222120201010111
 Time: 1200 16 Oct 1999 to 1200 16 Sep 2000 (index   199 to   210,    12 lines, 15 depths)
 Index:              1      3      4      6      7     10     11     13     14     16     17     19     21     24     25
 Depth(M):           1      5     10     20     25     40     45     60     80    100    120    140    180    300    500 QUALITY INDICES
 YYYYMMDD HHMM     SST   TEMP   TEMP   TEMP   TEMP   TEMP   TEMP   TEMP   TEMP   TEMP   TEMP   TEMP   TEMP   TEMP   TEMP TTTTTTTTTTTTTTT
 19991016 1200  23.935 23.925 23.874 23.804 23.757 23.540 23.408 22.786 -9.999 19.078 17.238 15.488 13.617 -9.999  8.265 122122210211101
 19991116 1200  23.402 23.395 23.355 23.267 23.191 22.807 22.645 21.736 -9.999 17.345 15.827 14.584 13.212 -9.999  8.155 122122210211101
 19991216 1200  23.041 23.033 22.990 22.917 22.859 22.357 22.480 21.972 -9.999 18.219 16.431 15.077 13.504 -9.999  8.234 122122210211101
 20000116 1200  23.418 23.414 23.385 23.330 23.275 -9.999 22.940 22.401 -9.999 -9.999 16.461 15.025 13.518 -9.999  8.158 122120210011101
 20000215 1200  23.920 23.846 23.732 23.567 23.470 23.659 23.017 22.492 21.673 19.176 16.914 15.362 13.444 11.577  8.045 122121211111111
 20000316 1200  25.295 25.155 25.013 24.623 24.369 23.472 23.150 21.803 19.765 17.752 16.184 14.758 13.138 11.289  8.021 122121211111111
 20000416 1200  26.253 26.123 25.991 25.720 25.561 24.778 24.438 23.331 21.939 19.543 17.474 15.875 13.609 11.754  8.326 122121211111111
 20000516 1200  26.535 26.444 26.365 26.171 26.033 25.283 24.989 24.059 22.543 20.359 17.669 15.789 13.528 11.827  8.164 122121211111111
 20000616 1200  26.167 26.162 26.134 26.076 26.040 25.800 25.654 24.804 23.201 21.228 19.044 16.657 13.962 11.743  8.251 122121211111111
 20000716 1200  25.713 25.710 25.692 25.645 25.611 25.438 25.338 24.832 22.953 19.955 17.817 15.918 13.698 11.831  8.061 122121211111111
 20000816 1200  26.020 26.022 26.015 25.990 25.971 25.867 25.793 25.377 23.762 20.714 17.668 15.981 13.691 11.906  8.217 122121211111111
 20000916 1200  25.249 25.235 25.196 25.115 25.039 24.554 24.344 23.790 22.884 20.773 18.415 16.335 13.661 12.024  8.273 122121211111111
 Time: 1200 16 Oct 2000 to 1200 15 Feb 2005 (index   211 to   263,    53 lines, 15 depths)
 Index:              1      3      4      6      7     10     11     13     14     16     17     19     21     24     25
 Depth(M):           1      5     10     20     25     40     45     60     80    100    120    140    180    300    500 QUALITY INDICES
 YYYYMMDD HHMM     SST   TEMP   TEMP   TEMP   TEMP   TEMP   TEMP   TEMP   TEMP   TEMP   TEMP   TEMP   TEMP   TEMP   TEMP TTTTTTTTTTTTTTT
 20001016 1200  25.328 25.312 25.282 25.226 25.185 24.964 24.852 24.347 23.125 21.157 18.517 16.672 13.751 11.895  8.216 111112111111114
 20001116 1200  24.784 24.760 24.719 24.650 24.593 24.306 24.162 23.484 22.389 20.775 18.428 16.671 13.967 11.902  8.382 111112111111114
 20001216 1200  24.556 24.516 24.471 24.362 24.277 23.772 23.684 22.831 21.496 19.096 16.974 15.749 13.953 11.613  8.263 111112111111114
 20010116 1200  24.645 24.610 24.566 24.484 24.434 24.182 -9.999 23.671 22.939 21.726 19.428 17.296 14.398 11.621  8.188 111112011111114
 20010215 1200  25.116 25.073 25.006 24.836 24.724 24.205 23.983 23.136 20.969 18.320 16.212 14.841 -9.999 11.041  7.846 111111111111022
 20010316 1200  25.619 25.362 25.199 24.904 24.739 24.185 23.961 23.049 20.698 18.317 16.403 15.004 -9.999 11.346  8.268 111111111111022
 20010416 1200  26.664 26.574 26.500 26.358 26.287 25.951 25.806 25.190 23.780 21.150 18.906 16.401 -9.999 11.444  8.368 111111111111022
 20010516 1200  26.838 26.787 26.743 26.660 26.619 26.377 26.260 25.581 23.636 20.917 18.600 16.577 -9.999 11.139  8.349 111111111111022
 20010616 1200  26.769 26.754 26.731 26.683 26.667 26.546 26.493 26.213 25.242 23.194 19.984 17.403 -9.999 11.682 -9.999 111111111111020
 20010716 1200  26.599 26.593 26.581 26.550 26.547 26.469 26.430 26.195 25.241 22.689 19.783 17.333 -9.999 -9.999 -9.999 111111111111000
 20010816 1200  25.873 25.861 25.843 25.808 25.802 25.707 25.663 25.409 24.290 21.277 18.436 16.448 -9.999 -9.999 -9.999 111111111111000
 20010916 1200  25.585 25.578 25.556 25.512 25.497 25.372 25.304 24.982 24.393 23.134 20.806 18.327 14.492 12.049  8.181 111111111111121
 20011016 1200  25.681 25.668 25.638 25.575 25.540 25.384 25.313 24.982 24.174 22.795 20.185 17.555 14.360 11.877  7.972 111111111111121
 20011116 1200  25.351 25.346 25.322 25.254 25.215 24.920 24.712 24.271 23.525 22.239 20.497 18.637 14.875 11.993  8.292 111111111111121
 20011216 1200  24.662 24.645 24.615 24.541 24.511 24.365 24.301 24.010 23.363 22.223 20.197 17.764 14.512 11.941  8.126 111111111111121
 20020116 1200  25.739 25.739 25.728 25.694 25.689 25.664 25.660 25.607 25.457 25.184 24.206 21.773 16.416 12.092  8.257 111111111111121
 20020215 1200  26.266 26.214 26.163 26.081 26.049 25.896 25.816 25.338 24.466 23.160 20.704 17.278 13.718 -9.999  7.693 111111111111101
 20020316 1200  26.626 26.586 26.542 26.456 26.423 26.232 26.104 25.585 23.483 19.758 16.598 14.985 13.319 -9.999  8.063 111111111111101
 20020416 1200  27.339 27.256 27.169 26.929 26.791 26.372 26.243 25.674 -9.999 21.271 18.616 16.388 13.749 -9.999  8.359 111111110111101
 20020516 1200  27.405 27.357 27.313 27.250 27.210 27.017 26.910 26.314 24.033 20.629 17.735 15.810 13.531 11.573  8.265 111111111111111
 20020616 1200  27.801 27.789 27.771 27.744 27.730 27.658 27.609 27.321 25.869 23.198 19.736 17.372 14.730 11.779  8.287 111111111111111
 20020716 1200  26.697 26.681 26.656 26.608 26.576 26.412 26.314 25.735 23.615 21.378 19.377 17.404 14.530 11.846  8.246 111111111111111
 20020816 1200  27.039 27.040 27.028 27.005 26.979 26.899 26.853 26.620 25.730 23.935 21.043 18.610 14.505 12.119  8.269 111111111111111
 20020916 1200  27.066 27.065 27.041 -9.999 26.987 26.878 26.823 26.600 26.144 25.209 23.383 20.848 15.425 12.245  8.333 111011111111111
 20021016 1200  27.197 27.198 27.183 -9.999 27.149 27.122 27.111 27.032 26.887 26.595 25.052 21.613 15.593 12.118  8.115 111011111111111
 20021116 1200  27.635 27.631 27.616 -9.999 27.589 27.565 27.559 27.547 27.503 27.017 25.251 21.254 15.289 12.045  8.038 111011111111111
 20021216 1200  27.113 27.112 27.090 -9.999 27.041 26.959 26.909 26.723 26.443 24.986 21.856 19.092 14.861 11.860  7.930 111011111111111
 20030116 1200  26.789 26.789 26.769 -9.999 26.712 26.635 26.598 26.416 25.575 23.383 20.027 16.895 13.625 11.291  7.931 111011111111111
 20030215 1200  26.673 26.639 26.594 26.529 26.485 26.279 26.173 25.752 24.024 20.187 17.240 15.453 13.518 11.786  8.202 111111111111111
 20030316 1200  27.213 27.145 27.088 26.958 26.861 26.439 26.237 25.270 22.227 19.389 17.226 15.549 13.486 11.683  8.192 111111111111111
 20030416 1200  26.616 26.523 26.430 26.220 26.064 25.354 25.010 23.575 20.827 18.753 16.944 15.448 13.386 11.462  8.156 111111111111111
 20030516 1200  25.432 25.397 25.323 25.117 24.972 24.396 24.118 22.863 20.338 18.626 16.785 15.369 13.493 11.711  8.082 111111111111111
 20030616 1200  26.070 26.039 25.999 25.937 25.893 25.739 25.656 25.285 24.118 21.827 19.604 17.363 14.409 11.980  8.383 111111111111111
 20030716 1200  26.431 26.430 26.408 26.356 26.309 26.101 25.980 25.488 23.920 21.566 19.420 17.486 14.120 12.040  8.125 111111111111111
 20030816 1200  25.408 25.369 25.311 25.192 25.105 24.766 24.613 24.064 22.811 20.481 18.184 16.707 14.212 11.724  7.895 111111111111111
 20030916 1200  25.828 25.808 25.762 25.709 25.678 25.568 25.504 25.255 24.342 22.189 19.673 17.385 14.498 11.924  7.909 111111111111111
 20031016 1200  26.075 26.061 26.015 25.915 25.844 25.577 25.490 25.119 24.155 22.390 19.750 17.202 14.295 11.995  8.154 111111111111111
 20031116 1200  25.580 25.557 25.504 25.430 25.390 25.160 25.027 24.667 23.937 22.744 20.802 18.946 15.420 12.009  8.178 111111111111111
 20031216 1200  25.977 25.977 25.943 25.874 25.834 25.658 25.578 25.236 24.327 22.939 20.628 18.242 14.674 11.823  8.135 111111111111111
 20040116 1200  25.477 25.475 25.448 25.377 25.320 25.035 24.908 24.392 23.303 21.465 19.152 16.927 14.419 11.979  8.324 111111111111111
 20040215 1200  25.781 25.773 25.723 25.643 25.602 25.456 25.394 25.148 24.331 21.966 19.049 16.633 13.513 11.421  8.119 111111111111111
 20040316 1200  25.744 25.637 25.524 25.317 25.194 24.684 24.465 23.486 21.355 18.498 16.467 15.171 13.339 11.361  8.281 111111111111111
 20040416 1200  26.928 26.831 26.731 26.542 26.439 26.063 25.888 24.979 22.349 19.816 17.836 16.206 13.645 11.638  8.406 111111111111111
 20040516 1200  27.354 27.348 27.317 27.269 27.236 27.049 26.996 26.577 24.974 22.394 19.458 17.178 14.167 11.531  8.347 111111111111111
 20040616 1200  26.679 26.670 26.650 26.601 26.569 26.381 26.366 25.416 22.579 19.717 17.387 15.632 13.436 11.464  8.224 111111411111111
 20040716 1200  27.137 27.128 27.111 27.082 27.072 27.031 27.113 26.832 25.882 23.485 21.086 18.467 15.251 12.248  8.362 111111411111111
 20040816 1200  26.860 26.859 26.847 26.816 26.801 26.720 26.760 26.394 25.347 22.515 19.651 17.084 14.114 11.824  8.050 111111411111111
 20040916 1200  26.652 26.648 26.627 26.595 26.581 26.542 26.561 26.438 26.051 24.723 21.627 19.162 15.470 12.217  8.300 111111111111111
 20041016 1200  25.958 25.938 25.899 25.838 25.804 25.673 25.616 25.368 24.728 23.077 20.114 17.434 14.339 12.042  8.128 111111111111111
 20041116 1200  25.804 25.792 25.755 25.690 25.648 25.486 25.433 25.332 25.121 24.469 22.805 20.255 16.065 12.227  8.339 111111111111111
 20041216 1200  25.945 25.945 25.924 25.893 25.878 25.838 25.821 25.752 25.551 24.909 22.309 19.316 14.805 11.969  8.068 111111111111111
 20050116 1200  25.865 25.865 25.847 25.812 25.789 25.706 25.666 25.517 25.177 24.202 21.489 18.457 14.766 11.945  8.141 111111111111111
 20050215 1200  25.549 25.536 25.492 25.423 25.378 25.185 25.087 24.663 23.660 21.843 18.761 16.492 14.075 11.941  8.385 111111111111111
 Time: 1200 16 Mar 2005 to 1200 16 Sep 2005 (index   264 to   270,     7 lines, 15 depths)
 Index:              1      3      4      6      7     10     11     13     14     16     17     19     21     24     25
 Depth(M):           1      5     10     20     25     40     45     60     80    100    120    140    180    300    500 QUALITY INDICES
 YYYYMMDD HHMM     SST   TEMP   TEMP   TEMP   TEMP   TEMP   TEMP   TEMP   TEMP   TEMP   TEMP   TEMP   TEMP   TEMP   TEMP TTTTTTTTTTTTTTT
 20050316 1200  26.497 26.415 26.356 26.271 26.235 26.123 26.070 25.929 25.749 25.486 23.528 19.511 15.073 12.003  8.315 111111111111111
 20050416 1200  27.406 27.345 27.295 27.220 27.173 26.949 26.823 26.344 24.491 21.285 17.916 15.413 13.454 11.199  7.964 111111111111111
 20050516 1200  27.198 27.135 27.080 26.982 26.915 26.581 26.381 25.256 22.378 19.349 17.357 15.991 13.917 11.718  8.218 111111111111111
 20050616 1200  26.833 26.789 26.751 26.667 26.606 26.270 26.072 25.241 22.948 20.555 18.590 16.594 13.985 11.715  8.257 111111111111111
 20050716 1200  26.126 26.107 26.076 25.967 25.883 25.453 25.207 24.120 21.806 19.680 17.433 15.758 13.694 11.721  8.252 111111111111111
 20050816 1200  25.439 25.404 25.357 25.174 25.020 24.369 24.086 22.981 20.987 19.064 17.470 16.119 13.869 12.034  8.361 111111111111111
 20050916 1200  25.631 25.618 25.572 25.462 25.357 25.033 24.908 24.487 23.797 21.750 19.233 17.222 14.486 11.813  8.187 111111111111111
 Time: 1200 16 Oct 2005 to 1200 16 Jan 2006 (index   271 to   274,     4 lines, 20 depths)
 Index:              1      3      4      5      6      7      8     10     11     12     13     14     15     16     17     18     19     21     24     25
 Depth(M):           1      5     10     13     20     25     28     40     45     48     60     80     83    100    120    123    140    180    300    500 QUALITY INDICES
 YYYYMMDD HHMM     SST   TEMP   TEMP   TEMP   TEMP   TEMP   TEMP   TEMP   TEMP   TEMP   TEMP   TEMP   TEMP   TEMP   TEMP   TEMP   TEMP   TEMP   TEMP   TEMP TTTTTTTTTTTTTTTTTTTT
 20051016 1200  25.800 25.767 25.735 25.730 25.673 25.626 25.565 25.260 25.111 25.019 24.626 23.508 23.191 20.858 18.524 18.163 16.665 14.006 11.991  8.125 11121111111111111111
 20051116 1200  24.806 24.783 24.756 24.771 24.694 24.654 24.622 24.415 24.283 24.190 23.660 21.876 21.459 19.344 17.397 17.110 15.774 13.710 11.970  8.090 11121111111111111111
 20051216 1200  24.779 24.760 24.745 24.790 24.692 24.664 24.644 24.517 24.437 24.385 24.033 23.080 22.878 21.493 18.958 18.533 16.937 14.305 11.910  8.045 11121111111111111111
 20060116 1200  24.365 24.707 24.246 24.743 24.104 24.001 24.447 23.412 23.653 23.454 21.951 19.771 19.876 17.213 15.698 15.732 14.786 13.536 11.623  8.040 11121111111111111111
 Time: 1200 15 Feb 2006 to 1200 16 May 2006 (index   275 to   278,     4 lines, 13 depths)
 Index:              1      4      6      7     10     13     14     16     17     19     21     24     25
 Depth(M):           1     10     20     25     40     60     80    100    120    140    180    300    500 QUALITY INDICES
 YYYYMMDD HHMM     SST   TEMP   TEMP   TEMP   TEMP   TEMP   TEMP   TEMP   TEMP   TEMP   TEMP   TEMP   TEMP TTTTTTTTTTTTT
 20060215 1200  24.841 24.566 24.109 23.804 22.919 21.743 20.096 17.549 15.895 14.661 13.258 11.596  8.151 2222222222222
 20060316 1200  25.192 25.033 24.864 24.750 24.281 23.310 20.823 18.482 16.915 15.467 13.677 11.843  8.160 2222222222222
 20060416 1200  26.889 26.715 26.570 26.467 26.067 25.203 24.050 22.034 19.603 17.505 14.172 11.629  8.279 2222222222222
 20060516 1200  27.012 -9.999 -9.999 -9.999 -9.999 -9.999 -9.999 -9.999 -9.999 -9.999 -9.999 -9.999 -9.999 2000000000000
 Time: 1200 16 Sep 2006 to 1200 16 Aug 2011 (index   282 to   341,    60 lines, 20 depths)
 Index:              1      3      4      5      6      7      8     10     11     12     13     14     15     16     17     18     19     21     24     25
 Depth(M):           1      5     10     13     20     25     28     40     45     48     60     80     83    100    120    123    140    180    300    500 QUALITY INDICES
 YYYYMMDD HHMM     SST   TEMP   TEMP   TEMP   TEMP   TEMP   TEMP   TEMP   TEMP   TEMP   TEMP   TEMP   TEMP   TEMP   TEMP   TEMP   TEMP   TEMP   TEMP   TEMP TTTTTTTTTTTTTTTTTTTT
 20060916 1200  26.533 26.536 26.517 26.513 26.487 26.476 26.467 26.420 26.379 26.344 26.126 25.418 -9.999 24.002 21.104 20.486 18.240 14.554 11.992  8.046 11111111111101111112
 20061016 1200  26.336 26.311 26.273 26.258 26.217 26.194 26.175 26.071 25.978 25.899 25.488 24.574 -9.999 22.786 19.579 19.110 17.394 14.587 12.019  8.236 11111111111101111112
 20061116 1200  26.808 26.799 26.770 26.759 26.719 26.696 26.676 26.605 26.568 26.539 26.395 26.143 -9.999 25.638 24.582 24.315 21.773 16.358 12.221  8.517 11111111111101111112
 20061216 1200  26.801 26.796 26.774 26.766 26.732 26.717 26.701 26.642 26.607 26.578 26.419 26.054 -9.999 25.324 23.178 22.644 19.665 15.253 12.137  8.032 11111111111101111112
 20070116 1200  25.855 25.836 25.785 25.752 25.644 25.549 25.474 25.098 24.886 24.720 23.745 21.321 -9.999 18.530 16.558 16.302 15.144 13.611 11.589  7.871 11111111111101111112
 20070215 1200  24.889 24.816 24.730 24.691 24.581 24.502 24.441 24.161 23.990 23.860 23.190 20.994 -9.999 18.185 16.311 16.042 14.941 13.307 11.709  8.096 11111111111101111112
 20070316 1200  26.094 26.015 25.906 25.835 25.613 25.428 25.291 24.617 24.234 23.934 22.491 19.266 -9.999 17.188 15.716 15.515 14.638 13.298 11.692  8.223 11111111111101111112
 20070416 1200  26.608 26.531 26.446 26.399 26.205 25.989 25.798 24.838 24.304 23.937 22.460 19.829 -9.999 17.775 16.199 15.984 15.003 13.151 11.832  8.602 11111111111101111112
 20070516 1200  26.319 26.273 26.203 26.166 26.021 25.886 25.760 25.142 24.746 24.400 22.602 20.167 -9.999 18.345 16.224 15.901 14.720 13.425 11.686 -9.999 11111111111101111110
 20070616 1200  26.433 26.438 26.372 -9.999 26.304 26.253 -9.999 25.928 25.748 25.629 24.819 22.218 21.745 20.075 18.095 17.805 16.182 13.597 11.861  8.477 21202202222222222222
 20070716 1200  24.950 24.899 24.780 -9.999 24.614 24.503 -9.999 24.047 23.831 23.691 22.827 20.335 19.903 18.064 16.384 16.107 14.980 13.389 11.551  8.312 21202202222222222222
 20070816 1200  24.987 -9.999 24.897 -9.999 24.774 24.683 -9.999 24.272 24.078 23.959 23.225 21.446 21.065 19.046 16.955 16.670 15.470 13.598 11.714  8.177 20202202222222222222
 20070916 1200  24.110 -9.999 24.032 -9.999 23.918 23.832 -9.999 23.413 23.225 23.109 22.547 21.077 20.749 18.914 17.000 16.742 15.464 13.469 12.006  8.071 20202202222222222222
 20071016 1200  23.492 23.413 23.323 -9.999 23.183 23.088 -9.999 22.678 22.499 22.395 21.920 20.874 20.618 19.009 17.195 16.918 15.690 13.859 11.885  8.262 22202202222222222222
 20071116 1200  23.566 23.559 23.521 -9.999 23.450 23.405 -9.999 23.207 23.110 23.060 22.814 22.123 21.877 19.962 17.644 17.318 15.858 13.595 11.621  8.031 22202202222222222222
 20071216 1200  23.006 22.960 22.915 -9.999 22.839 22.791 -9.999 22.620 22.555 22.530 22.400 22.101 22.025 21.367 19.238 18.786 16.619 13.937 12.070  8.316 24404404444444444442
 20080116 1200  23.403 23.331 23.275 -9.999 23.189 23.141 -9.999 22.938 22.833 22.779 22.476 21.681 21.463 19.905 17.523 17.176 15.866 13.820 11.478  8.163 24404404444444444444
 20080215 1200  -9.999 -9.999 -9.999 -9.999 -9.999 -9.999 -9.999 -9.999 -9.999 -9.999 -9.999 -9.999 -9.999 -9.999 -9.999 -9.999 -9.999 -9.999 -9.999 -9.999 00000000000000000000
 20080316 1200  -9.999 -9.999 -9.999 -9.999 -9.999 -9.999 -9.999 -9.999 -9.999 -9.999 -9.999 -9.999 -9.999 -9.999 -9.999 -9.999 -9.999 -9.999 -9.999 -9.999 00000000000000000000
 20080416 1200  -9.999 -9.999 -9.999 -9.999 -9.999 -9.999 -9.999 -9.999 -9.999 -9.999 -9.999 -9.999 -9.999 -9.999 -9.999 -9.999 -9.999 -9.999 -9.999 -9.999 00000000000000000000
 20080516 1200  26.333 26.217 26.137 26.096 25.935 25.905 25.843 25.510 25.290 25.167 24.696 23.596 23.320 21.868 19.331 18.795 16.844 13.708 11.481  8.543 22222222222222222222
 20080616 1200  26.344 26.314 26.279 26.265 26.169 26.189 26.163 26.043 25.952 25.912 25.616 24.433 24.078 22.336 20.078 19.708 17.692 13.915 11.600  8.658 22222222222222222222
 20080716 1200  26.378 26.364 26.340 26.333 26.245 26.277 26.259 26.161 26.074 26.037 25.749 24.204 23.708 21.808 19.370 18.896 16.862 13.837 11.640  8.460 22222222222222222222
 20080816 1200  25.661 25.635 25.596 25.573 25.435 25.423 25.369 25.106 24.931 24.842 24.304 22.557 22.177 20.073 17.558 17.149 15.735 13.537 11.671  8.390 22222222222222222222
 20080916 1200  25.075 25.053 25.017 24.996 24.869 24.859 24.804 24.528 24.349 24.261 23.722 21.590 21.016 18.838 16.993 16.642 15.423 13.557 11.801  8.258 22222222222222222222
 20081016 1200  24.580 24.530 24.474 24.443 24.289 24.266 24.205 23.937 23.765 23.687 23.279 22.114 21.797 20.214 18.368 17.994 16.399 14.200 11.919  8.397 22222222222222222222
 20081116 1200  25.071 25.047 25.010 24.989 24.846 24.831 24.770 24.445 24.209 24.083 23.390 22.022 21.722 20.030 17.697 17.388 16.080 13.722 12.025  8.286 22222222222222222222
 20081216 1200  24.277 24.246 24.201 24.173 24.004 23.972 23.899 23.553 23.330 23.224 22.590 20.585 20.045 17.708 15.779 15.515 14.519 13.147 11.804  8.145 22222222222222222222
 20090116 1200  24.354 24.316 24.258 24.224 24.042 23.994 23.909 23.522 23.280 23.159 22.500 21.342 21.053 19.182 17.030 16.704 15.362 13.661 11.809  8.242 22222222222222222222
 20090215 1200  24.922 24.846 24.776 24.745 24.591 24.589 24.544 24.334 24.171 24.103 23.676 22.142 21.706 19.751 17.509 17.173 15.796 13.645 11.625  8.233 22222222222222222222
 20090316 1200  25.340 25.244 25.165 25.127 24.948 24.916 24.845 24.514 24.281 24.163 23.446 21.747 21.374 19.585 17.529 17.227 15.895 13.431 11.705  8.337 22222222222222222222
 20090416 1200  26.563 26.492 26.429 26.403 26.254 26.255 26.210 25.983 25.815 25.755 25.282 23.946 23.626 21.988 19.186 18.736 17.129 14.414 12.112  8.618 22222222222222222222
 20090516 1200  27.147 27.083 27.028 27.004 26.862 26.866 26.823 26.575 26.382 26.317 25.864 24.896 24.664 23.319 20.745 20.078 17.887 14.395 12.015 -9.999 22222222222222222220
 20090616 1200  27.475 27.431 27.392 27.379 27.277 27.322 27.316 27.231 27.121 27.095 26.573 25.071 24.809 23.465 20.771 20.119 17.830 14.622 12.110 -9.999 22222222222222222220
 20090716 1200  27.031 27.027 27.010 27.002 26.911 26.960 -9.999 26.886 26.770 26.752 26.369 24.849 24.431 22.660 19.741 19.197 17.347 14.157 12.009 -9.999 22222202222222222220
 20090816 1200  26.383 26.372 26.340 26.322 26.205 26.219 -9.999 25.892 25.665 25.591 25.077 23.812 23.471 21.760 19.480 19.034 17.459 14.379 12.183 -9.999 22222202222222222220
 20090916 1200  26.645 -9.999 26.638 26.623 26.597 26.584 -9.999 26.497 26.422 26.368 26.055 24.686 24.356 22.189 19.084 -9.999 16.835 13.878 11.926  7.840 10111102111211101122
 20091016 1200  26.496 -9.999 26.417 26.392 26.360 26.323 -9.999 -9.999 26.172 26.139 26.004 25.530 25.351 24.110 22.176 -9.999 19.639 15.197 12.248  8.309 10111100111211101122
 20091116 1200  27.676 -9.999 27.627 27.609 27.592 27.576 -9.999 -9.999 27.522 27.507 27.437 27.126 27.046 26.481 25.146 -9.999 22.211 15.975 12.319  8.271 10111100111211101122
 20091216 1200  27.492 -9.999 27.461 27.442 27.425 27.401 -9.999 -9.999 27.224 27.187 27.070 26.692 26.595 25.747 23.351 -9.999 19.300 15.053 12.207  8.323 10111100111211101122
 20100116 1200  27.233 -9.999 27.227 27.228 27.199 27.205 -9.999 -9.999 27.165 27.151 27.061 26.693 26.642 25.581 22.960 -9.999 19.577 14.912 11.914  8.075 10111100111211101122
 20100215 1200  27.226 -9.999 27.093 27.078 27.015 26.992 -9.999 -9.999 26.831 26.783 26.470 25.792 25.729 24.600 21.955 -9.999 18.808 15.196 -9.999  8.253 10111100111211101102
 20100316 1200  27.835 -9.999 27.723 27.692 27.652 27.611 -9.999 -9.999 27.357 27.294 26.961 25.610 25.282 22.820 19.569 -9.999 16.679 13.600 -9.999 -9.999 10111100111211101100
 20100416 1200  27.322 27.048 27.201 27.152 27.027 26.879 -9.999 -9.999 25.697 25.378 23.596 20.311 20.066 18.099 16.367 -9.999 15.030 13.328 -9.999 -9.999 11111100111211101100
 20100516 1200  25.658 25.557 25.407 25.313 25.052 24.815 -9.999 -9.999 23.414 23.100 21.796 19.858 19.570 18.004 16.176 -9.999 15.024 13.249 -9.999 -9.999 11111100111211101100
 20100616 1200  25.457 25.441 25.369 25.316 25.151 24.973 -9.999 -9.999 23.793 23.529 22.194 -9.999 19.204 17.561 15.819 -9.999 14.296 13.068 -9.999 -9.999 11111100111011101100
 20100716 1200  24.012 23.987 23.924 23.884 23.785 23.678 -9.999 -9.999 22.842 22.630 21.646 -9.999 19.223 17.551 15.782 -9.999 14.459 13.078 -9.999 -9.999 11111100111011101100
 20100816 1200  24.202 24.192 24.140 24.105 24.010 23.893 -9.999 -9.999 22.949 22.717 21.648 -9.999 19.272 17.745 15.951 -9.999 14.480 13.026 -9.999 -9.999 11111100111011101100
 20100916 1200  23.656 23.625 23.539 23.470 23.241 23.002 -9.999 -9.999 21.831 21.616 20.635 -9.999 17.841 16.116 14.671 -9.999 13.875 12.737 -9.999 -9.999 11111100111011101100
 20101016 1200  23.088 23.054 22.970 22.918 22.773 22.613 -9.999 -9.999 21.482 21.267 20.311 -9.999 17.580 16.003 14.662 -9.999 13.903 12.847 -9.999 -9.999 11111100111011101100
 20101116 1200  23.811 23.806 23.768 23.720 23.668 23.546 -9.999 -9.999 22.733 22.575 21.940 -9.999 20.255 18.689 16.916 -9.999 15.249 13.540 -9.999 -9.999 11111100111011101100
 20101216 1200  23.522 23.505 23.460 -9.999 23.307 23.191 23.088 22.703 22.496 22.348 21.739 20.476 20.281 18.776 16.632 16.201 15.517 13.660 11.582  8.070 14404444444444444442
 20110116 1200  23.718 23.656 23.545 -9.999 23.265 23.102 22.970 22.535 22.317 22.156 21.558 19.939 19.634 17.902 16.123 15.709 14.979 13.503 11.539  8.216 14404444444444444442
 20110215 1200  24.589 24.495 24.413 -9.999 24.257 24.165 24.082 23.793 23.630 23.508 23.079 22.119 21.901 20.450 18.559 18.022 16.919 14.447 11.614  8.258 14404444444444444442
 20110316 1200  25.216 25.144 25.068 -9.999 24.944 24.880 24.820 24.638 24.537 24.460 24.122 23.219 23.008 21.799 19.234 18.465 16.894 14.309 11.617  8.483 14404444444444444442
 20110416 1200  26.528 26.408 26.311 -9.999 26.141 26.056 25.983 25.769 25.651 25.559 25.264 24.106 23.851 22.072 19.395 18.541 16.924 14.335 11.499 -9.999 14404444444444444440
 20110516 1200  26.997 26.921 26.851 -9.999 26.732 26.662 26.593 26.354 26.204 26.082 25.538 24.023 23.673 21.682 18.931 17.964 16.508 13.765 11.814 -9.999 14404444444444444440
 20110616 1200  26.670 26.653 26.629 -9.999 26.578 26.547 26.507 26.374 26.273 26.181 25.687 23.461 23.076 21.026 18.456 17.709 16.224 13.779 11.893 -9.999 14404444444444444440
 20110716 1200  25.950 25.945 25.920 -9.999 25.843 25.787 25.727 25.504 25.316 25.134 24.225 21.859 21.396 19.126 16.979 16.408 15.460 13.523 11.396 -9.999 14404444444444444440
 20110816 1200  24.166 24.084 24.027 -9.999 23.861 23.743 23.632 23.242 23.047 22.902 22.174 19.632 19.220 17.322 15.356 14.928 14.242 13.310 11.384 -9.999 11101111111111111110
 Time: 1200 16 Sep 2011 to 1200 16 Jun 2013 (index   342 to   363,    22 lines, 13 depths)
 Index:              1      3      4      6     10     13     14     16     17     19     21     24     25
 Depth(M):           1      5     10     20     40     60     80    100    120    140    180    300    500 QUALITY INDICES
 YYYYMMDD HHMM     SST   TEMP   TEMP   TEMP   TEMP   TEMP   TEMP   TEMP   TEMP   TEMP   TEMP   TEMP   TEMP TTTTTTTTTTTTT
 20110916 1200  24.873 24.851 24.802 24.648 24.132 23.163 21.096 18.758 16.518 14.984 13.394 11.823 -9.999 1111112111120
 20111016 1200  24.196 24.164 24.097 23.894 23.226 22.178 20.565 18.147 16.129 14.890 13.404 11.843  8.255 1111112111122
 20111116 1200  24.067 24.056 24.025 23.943 23.693 23.160 22.185 20.210 17.949 16.122 13.808 11.983  8.384 1111112111122
 20111216 1200  24.540 24.523 24.498 24.436 24.178 23.527 21.996 19.898 17.351 15.610 13.566 11.776 -9.999 1111112111120
 20120116 1200  24.329 -9.999 -9.999 -9.999 -9.999 -9.999 -9.999 -9.999 -9.999 -9.999 -9.999 11.541 -9.999 1000000000020
 20120215 1200  24.605 -9.999 -9.999 -9.999 -9.999 -9.999 -9.999 -9.999 -9.999 -9.999 -9.999 11.718 -9.999 1000000000020
 20120316 1200  25.591 -9.999 -9.999 -9.999 -9.999 -9.999 -9.999 -9.999 -9.999 -9.999 -9.999 -9.999 -9.999 1000000000000
 20120416 1200  26.612 26.625 26.551 26.422 25.983 24.674 -9.999 21.697 18.607 16.444 14.098 11.854  8.852 2222220222222
 20120516 1200  27.181 27.155 27.110 27.044 26.830 -9.999 -9.999 21.863 19.045 16.380 13.929 11.768  8.431 2222200222222
 20120616 1200  27.409 27.340 27.297 27.235 27.025 -9.999 -9.999 21.823 18.470 16.339 13.729 12.093  8.290 2222200222222
 20120716 1200  26.853 26.851 26.833 26.788 26.602 -9.999 -9.999 21.562 18.707 16.581 14.245 12.109  8.328 2222200222222
 20120816 1200  26.915 26.901 26.881 26.822 26.627 -9.999 -9.999 22.471 19.810 17.076 13.888 12.155  8.303 2222200222222
 20120916 1200  26.167 26.157 26.131 26.072 25.861 -9.999 -9.999 21.356 18.968 16.474 13.780 12.126  8.025 2222200222222
 20121016 1200  25.490 25.535 25.488 25.378 25.062 -9.999 -9.999 22.757 20.354 17.961 14.914 12.232  8.274 2222200222222
 20121116 1200  25.624 25.664 25.645 25.597 25.418 -9.999 -9.999 23.356 20.739 18.087 14.235 11.837 -9.999 2222200222220
 20121216 1200  25.324 25.300 25.278 25.208 24.876 -9.999 -9.999 21.286 18.612 16.570 14.038 11.852 -9.999 2222200222220
 20130116 1200  24.790 24.762 24.715 24.593 24.201 -9.999 -9.999 19.722 17.032 15.527 13.809 11.703 -9.999 2222200222220
 20130215 1200  24.990 25.007 24.895 24.717 24.354 -9.999 -9.999 20.994 18.400 16.328 13.641 11.859 -9.999 2222200222220
 20130316 1200  26.601 26.500 26.346 25.911 24.795 -9.999 -9.999 18.428 16.488 14.910 13.198 11.556 -9.999 2222200222220
 20130416 1200  26.728 26.607 26.531 26.346 25.666 -9.999 -9.999 19.455 17.171 15.641 13.461 11.688 -9.999 2222200222220
 20130516 1200  26.420 26.328 26.283 26.182 25.590 -9.999 -9.999 19.792 17.385 15.306 13.245 11.586 -9.999 2222200222220
 20130616 1200  26.219 -9.999 -9.999 -9.999 -9.999 -9.999 -9.999 -9.999 -9.999 -9.999 -9.999 -9.999 -9.999 2000000000000
