 Location:  2N 110W   7 Apr 2001 to 27 Dec 2007 ( 2456 times,  3 blocks) Gen. Date Mar  3 2014
 Units: Sea Level Pressure (hPa),  -9.90 = missing
 Time: 1200  7 Apr 2001 to 1200 23 Sep 2005 (index     1 to  1631, 1631 times)
 Depth (M):        -3 QUALITY and SOURCE
 YYYYMMDD HHMM    SLP Q S
 20010407 1200 1010.3 2 5
 20010408 1200 1009.9 2 5
 20010409 1200 1009.1 2 5
 20010410 1200 1009.5 2 5
 20010411 1200 1010.2 2 5
 20010412 1200 1010.0 2 5
 20010413 1200 1009.9 2 5
 20010414 1200 1009.8 2 5
 20010415 1200 1009.6 2 5
 20010416 1200 1010.1 2 5
 20010417 1200 1010.3 2 5
 20010418 1200 1010.9 2 5
 20010419 1200 1010.3 2 5
 20010420 1200 1011.1 2 5
 20010421 1200 1011.7 2 5
 20010422 1200 1011.4 2 5
 20010423 1200 1010.1 2 5
 20010424 1200 1008.6 2 5
 20010425 1200 1009.1 2 5
 20010426 1200 1008.7 2 5
 20010427 1200 1008.9 2 5
 20010428 1200 1009.7 2 5
 20010429 1200 1008.6 2 5
 20010430 1200 1009.7 2 5
 20010501 1200 1010.1 2 5
 20010502 1200 1010.0 2 5
 20010503 1200 1011.0 2 5
 20010504 1200 1011.0 2 5
 20010505 1200 1009.4 2 5
 20010506 1200 1008.8 2 5
 20010507 1200 1010.4 2 5
 20010508 1200 1011.5 2 5
 20010509 1200 1010.2 2 5
 20010510 1200 1009.7 2 5
 20010511 1200 1009.6 2 5
 20010512 1200 1010.7 2 5
 20010513 1200 1011.9 2 5
 20010514 1200 1012.0 2 5
 20010515 1200 1011.5 2 5
 20010516 1200 1010.5 2 5
 20010517 1200 1010.4 2 5
 20010518 1200 1011.6 2 5
 20010519 1200 1012.7 2 5
 20010520 1200 1012.9 2 5
 20010521 1200 1012.5 2 5
 20010522 1200 1011.7 2 5
 20010523 1200 1011.6 2 5
 20010524 1200 1012.7 2 5
 20010525 1200 1013.2 2 5
 20010526 1200 1012.6 2 5
 20010527 1200 1011.7 2 5
 20010528 1200 1011.0 2 5
 20010529 1200 1012.1 2 5
 20010530 1200 1012.5 2 5
 20010531 1200 1012.7 2 5
 20010601 1200 1012.8 2 5
 20010602 1200 1013.0 2 5
 20010603 1200 1012.4 2 5
 20010604 1200 1011.0 2 5
 20010605 1200 1011.8 2 5
 20010606 1200 1011.8 2 5
 20010607 1200 1011.3 2 5
 20010608 1200 1011.0 2 5
 20010609 1200 1011.3 2 5
 20010610 1200 1012.4 2 5
 20010611 1200 1012.9 2 5
 20010612 1200 1013.0 2 5
 20010613 1200 1011.9 2 5
 20010614 1200 1010.2 2 5
 20010615 1200 1009.6 2 5
 20010616 1200 1009.9 2 5
 20010617 1200 1010.3 2 5
 20010618 1200 1010.8 2 5
 20010619 1200 1010.7 2 5
 20010620 1200 1011.9 2 5
 20010621 1200 1013.0 2 5
 20010622 1200 1012.3 2 5
 20010623 1200 1011.2 2 5
 20010624 1200 1010.5 2 5
 20010625 1200 1009.8 2 5
 20010626 1200 1009.8 2 5
 20010627 1200 1011.1 2 5
 20010628 1200 1012.1 2 5
 20010629 1200 1011.9 2 5
 20010630 1200 1011.8 2 5
 20010701 1200 1010.8 2 5
 20010702 1200 1010.1 2 5
 20010703 1200 1010.0 2 5
 20010704 1200 1011.1 2 5
 20010705 1200 1011.8 2 5
 20010706 1200 1012.1 2 5
 20010707 1200 1013.0 2 5
 20010708 1200 1013.1 2 5
 20010709 1200 1013.4 2 5
 20010710 1200 1013.3 2 5
 20010711 1200 1012.8 2 5
 20010712 1200 1013.2 2 5
 20010713 1200 1013.3 2 5
 20010714 1200 1013.4 2 5
 20010715 1200 1012.4 2 5
 20010716 1200 1012.4 2 5
 20010717 1200 1012.4 2 5
 20010718 1200 1013.0 2 5
 20010719 1200 1013.2 2 5
 20010720 1200 1013.0 2 5
 20010721 1200 1012.0 2 5
 20010722 1200 1011.5 2 5
 20010723 1200 1011.5 2 5
 20010724 1200 1011.9 2 5
 20010725 1200 1012.7 2 5
 20010726 1200 1012.0 2 5
 20010727 1200 1012.2 2 5
 20010728 1200 1012.7 2 5
 20010729 1200 1012.7 2 5
 20010730 1200 1011.4 2 5
 20010731 1200 1011.3 2 5
 20010801 1200 1012.7 2 5
 20010802 1200 1014.0 2 5
 20010803 1200 1014.1 2 5
 20010804 1200 1013.5 2 5
 20010805 1200 1013.6 2 5
 20010806 1200 1013.8 2 5
 20010807 1200 1013.2 2 5
 20010808 1200 1012.3 2 5
 20010809 1200 1011.4 2 5
 20010810 1200 1011.5 2 5
 20010811 1200 1011.9 2 5
 20010812 1200 1012.5 2 5
 20010813 1200 1012.4 2 5
 20010814 1200 1011.3 2 5
 20010815 1200 1010.7 2 5
 20010816 1200 1010.9 2 5
 20010817 1200 1011.3 2 5
 20010818 1200 1011.8 2 5
 20010819 1200 1010.5 2 5
 20010820 1200 1011.3 2 5
 20010821 1200 1013.1 2 5
 20010822 1200 1014.0 2 5
 20010823 1200 1014.6 2 5
 20010824 1200 1013.2 2 5
 20010825 1200 1012.8 2 5
 20010826 1200 1012.8 2 5
 20010827 1200 1013.1 2 5
 20010828 1200 1012.0 2 5
 20010829 1200 1012.0 2 5
 20010830 1200 1012.5 2 5
 20010831 1200 1013.9 2 5
 20010901 1200 1013.4 2 5
 20010902 1200 1012.5 2 5
 20010903 1200 1012.4 2 5
 20010904 1200 1012.3 2 5
 20010905 1200 1012.6 2 5
 20010906 1200 1012.8 2 5
 20010907 1200 1013.6 2 5
 20010908 1200 1013.5 2 5
 20010909 1200 1014.4 2 5
 20010910 1200 1014.5 2 5
 20010911 1200 1014.3 2 5
 20010912 1200 1014.4 2 5
 20010913 1200 1014.2 2 5
 20010914 1200 1013.3 2 5
 20010915 1200 1012.9 2 5
 20010916 1200 1013.1 2 5
 20010917 1200 1013.4 2 5
 20010918 1200 1013.1 2 5
 20010919 1200 1012.1 2 5
 20010920 1200 1012.3 2 5
 20010921 1200 1012.4 2 5
 20010922 1200 1012.2 2 5
 20010923 1200 1012.2 2 5
 20010924 1200 1012.3 2 5
 20010925 1200 1011.9 2 5
 20010926 1200 1013.2 2 5
 20010927 1200 1014.1 2 5
 20010928 1200 1014.3 2 5
 20010929 1200 1013.6 2 5
 20010930 1200 1013.2 2 5
 20011001 1200 1012.7 2 5
 20011002 1200 1012.8 2 5
 20011003 1200 1012.8 2 5
 20011004 1200 1012.6 2 5
 20011005 1200 1012.4 2 5
 20011006 1200 1012.5 2 5
 20011007 1200 1011.3 2 5
 20011008 1200 1012.2 2 5
 20011009 1200 1012.8 2 5
 20011010 1200 1012.1 2 5
 20011011 1200 1011.5 2 5
 20011012 1200 1011.5 2 5
 20011013 1200 1011.7 2 5
 20011014 1200 1011.7 2 5
 20011015 1200 1011.2 2 5
 20011016 1200 1011.5 2 5
 20011017 1200 1011.6 2 5
 20011018 1200 1011.1 2 5
 20011019 1200 1011.3 2 5
 20011020 1200 1011.7 2 5
 20011021 1200 1012.1 2 5
 20011022 1200 1012.6 2 5
 20011023 1200 1011.9 2 5
 20011024 1200 1011.3 2 5
 20011025 1200 1012.3 2 5
 20011026 1200 1014.1 2 5
 20011027 1200 1013.7 2 5
 20011028 1200 1013.8 2 5
 20011029 1200 1014.7 2 5
 20011030 1200 1015.2 2 5
 20011031 1200 1015.1 2 5
 20011101 1200 1014.1 2 5
 20011102 1200 1012.3 2 5
 20011103 1200 1011.8 2 5
 20011104 1200 1011.1 2 5
 20011105 1200 1009.7 2 5
 20011106 1200 1010.8 2 5
 20011107 1200 1012.7 2 5
 20011108 1200 1013.0 2 5
 20011109 1200 1013.2 2 5
 20011110 1200 1012.4 2 5
 20011111 1200 1012.5 2 5
 20011112 1200 1012.9 2 5
 20011113 1200 1013.2 2 5
 20011114 1200 1012.8 2 5
 20011115 1200 1011.6 2 5
 20011116 1200 1011.5 2 5
 20011117 1200 1012.1 2 5
 20011118 1200 1012.9 2 5
 20011119 1200 1013.1 2 5
 20011120 1200 1012.6 2 5
 20011121 1200 1011.6 2 5
 20011122 1200 1011.8 2 5
 20011123 1200 1012.2 2 5
 20011124 1200 1011.8 2 5
 20011125 1200 1012.1 2 5
 20011126 1200 1012.1 2 5
 20011127 1200 1011.9 2 5
 20011128 1200 1011.7 2 5
 20011129 1200 1011.5 2 5
 20011130 1200 1011.0 2 5
 20011201 1200 1011.0 2 5
 20011202 1200 1011.0 2 5
 20011203 1200 1010.9 2 5
 20011204 1200 1010.4 2 5
 20011205 1200 1009.4 2 5
 20011206 1200 1009.3 2 5
 20011207 1200 1009.9 2 5
 20011208 1200 1009.8 2 5
 20011209 1200 1008.8 2 5
 20011210 1200 1008.0 2 5
 20011211 1200 1008.6 2 5
 20011212 1200 1010.7 2 5
 20011213 1200 1012.0 2 5
 20011214 1200 1010.1 2 5
 20011215 1200 1009.3 2 5
 20011216 1200 1010.2 2 5
 20011217 1200 1011.5 2 5
 20011218 1200 1010.8 2 5
 20011219 1200 1010.6 2 5
 20011220 1200 1011.2 2 5
 20011221 1200 1011.5 2 5
 20011222 1200 1011.3 2 5
 20011223 1200 1011.3 2 5
 20011224 1200 1012.3 2 5
 20011225 1200 1012.2 2 5
 20011226 1200 1012.0 2 5
 20011227 1200 1011.2 2 5
 20011228 1200 1011.3 2 5
 20011229 1200 1012.6 2 5
 20011230 1200 1013.1 2 5
 20011231 1200 1013.2 2 5
 20020101 1200 1012.8 2 5
 20020102 1200 1013.0 2 5
 20020103 1200 1013.1 2 5
 20020104 1200 1013.2 2 5
 20020105 1200 1013.6 2 5
 20020106 1200 1014.0 2 5
 20020107 1200 1014.4 2 5
 20020108 1200 1013.2 2 5
 20020109 1200 1012.8 2 5
 20020110 1200 1012.5 2 5
 20020111 1200 1012.7 2 5
 20020112 1200 1013.6 2 5
 20020113 1200 1012.8 2 5
 20020114 1200 1011.1 2 5
 20020115 1200 1010.7 2 5
 20020116 1200 1011.9 2 5
 20020117 1200 1010.6 2 5
 20020118 1200 1010.5 2 5
 20020119 1200 1010.7 2 5
 20020120 1200 1010.8 2 5
 20020121 1200 1010.8 2 5
 20020122 1200 1010.4 2 5
 20020123 1200 1010.8 2 5
 20020124 1200 1011.0 2 5
 20020125 1200 1009.6 2 5
 20020126 1200 1009.1 2 5
 20020127 1200 1008.6 2 5
 20020128 1200 1008.6 2 5
 20020129 1200 1008.0 2 5
 20020130 1200 1008.8 2 5
 20020131 1200 1009.5 2 5
 20020201 1200 1008.5 2 5
 20020202 1200 1009.3 2 5
 20020203 1200 1011.7 2 5
 20020204 1200 1013.5 2 5
 20020205 1200 1012.7 2 5
 20020206 1200 1012.3 2 5
 20020207 1200 1012.2 2 5
 20020208 1200 1012.4 2 5
 20020209 1200 1011.3 2 5
 20020210 1200 1010.9 2 5
 20020211 1200 1010.4 2 5
 20020212 1200 1011.0 2 5
 20020213 1200 1010.5 2 5
 20020214 1200 1009.8 2 5
 20020215 1200 1010.0 2 5
 20020216 1200 1011.0 2 5
 20020217 1200 1011.3 2 5
 20020218 1200 1010.8 2 5
 20020219 1200 1010.9 2 5
 20020220 1200 1011.3 2 5
 20020221 1200 1011.3 2 5
 20020222 1200 1009.8 2 5
 20020223 1200 1010.1 2 5
 20020224 1200 1010.8 2 5
 20020225 1200 1011.4 2 5
 20020226 1200 1011.1 2 5
 20020227 1200 1009.7 2 5
 20020228 1200 1008.9 2 5
 20020301 1200 1008.6 2 5
 20020302 1200 1010.2 2 5
 20020303 1200 1011.1 2 5
 20020304 1200 1011.2 2 5
 20020305 1200 1011.6 2 5
 20020306 1200 1011.1 2 5
 20020307 1200 1009.7 2 5
 20020308 1200 1009.6 2 5
 20020309 1200 1010.1 2 5
 20020310 1200 1010.5 2 5
 20020311 1200 1011.3 2 5
 20020312 1200 1011.4 2 5
 20020313 1200 1011.3 2 5
 20020314 1200 1010.8 2 5
 20020315 1200 1009.7 2 5
 20020316 1200 1009.2 2 5
 20020317 1200 1010.7 2 5
 20020318 1200 1010.7 2 5
 20020319 1200 1010.1 2 5
 20020320 1200 1009.3 2 5
 20020321 1200 1009.6 2 5
 20020322 1200 1009.9 2 5
 20020323 1200 1009.6 2 5
 20020324 1200 1009.6 2 5
 20020325 1200 1008.4 2 5
 20020326 1200 1008.3 2 5
 20020327 1200 1009.2 2 5
 20020328 1200 1009.8 2 5
 20020329 1200 1009.2 2 5
 20020330 1200 1008.3 2 5
 20020331 1200 1008.1 2 5
 20020401 1200 1008.6 2 5
 20020402 1200 1008.4 2 5
 20020403 1200 1008.5 2 5
 20020404 1200 1009.1 2 5
 20020405 1200 1010.6 2 5
 20020406 1200 1010.9 2 5
 20020407 1200 1010.9 2 5
 20020408 1200 1010.7 2 5
 20020409 1200 1011.8 2 5
 20020410 1200 1011.6 2 5
 20020411 1200 1011.6 2 5
 20020412 1200 1011.4 2 5
 20020413 1200 1010.8 2 5
 20020414 1200 1009.6 2 5
 20020415 1200 1009.0 2 5
 20020416 1200 1009.3 2 5
 20020417 1200 1009.5 2 5
 20020418 1200 1009.8 2 5
 20020419 1200 1009.3 2 5
 20020420 1200 1008.3 2 5
 20020421 1200 1007.4 2 5
 20020422 1200 1008.7 2 5
 20020423 1200 1010.6 2 5
 20020424 1200 1011.3 2 5
 20020425 1200 1011.4 2 5
 20020426 1200 1011.0 2 5
 20020427 1200 1010.2 2 5
 20020428 1200 1009.9 2 5
 20020429 1200 1009.8 2 5
 20020430 1200 1009.8 2 5
 20020501 1200 1009.3 2 5
 20020502 1200 1009.5 2 5
 20020503 1200 1008.7 2 5
 20020504 1200 1008.4 2 5
 20020505 1200 1009.1 2 5
 20020506 1200 1009.8 2 5
 20020507 1200 1009.0 2 5
 20020508 1200 1008.5 2 5
 20020509 1200 1008.6 2 5
 20020510 1200 1008.4 2 5
 20020511 1200 1008.1 2 5
 20020512 1200 1008.8 2 5
 20020513 1200 1008.4 2 5
 20020514 1200 1008.2 2 5
 20020515 1200 1009.3 2 5
 20020516 1200 1010.6 2 5
 20020517 1200 1011.1 2 5
 20020518 1200 1010.7 2 5
 20020519 1200 1011.7 2 5
 20020520 1200 1012.7 2 5
 20020521 1200 1012.5 2 5
 20020522 1200 1011.2 2 5
 20020523 1200 1011.4 2 5
 20020524 1200 1011.8 2 5
 20020525 1200 1012.1 2 5
 20020526 1200 1012.0 2 5
 20020527 1200 1011.7 2 5
 20020528 1200 1012.0 2 5
 20020529 1200 1011.3 2 5
 20020530 1200 1011.0 2 5
 20020531 1200 1011.2 2 5
 20020601 1200 1011.9 2 5
 20020602 1200 1011.7 2 5
 20020603 1200 1012.3 2 5
 20020604 1200 1012.9 2 5
 20020605 1200 1012.4 2 5
 20020606 1200 1011.8 2 5
 20020607 1200 1011.5 2 5
 20020608 1200 1010.9 2 5
 20020609 1200 1011.3 2 5
 20020610 1200 1010.8 2 5
 20020611 1200 1011.2 2 5
 20020612 1200 1011.7 2 5
 20020613 1200 1011.8 2 5
 20020614 1200 1011.2 2 5
 20020615 1200 1010.5 2 5
 20020616 1200 1010.8 2 5
 20020617 1200 1010.6 2 5
 20020618 1200 1009.9 2 5
 20020619 1200 1009.0 2 5
 20020620 1200 1008.4 2 5
 20020621 1200 1009.2 2 5
 20020622 1200 1010.1 2 5
 20020623 1200 1010.5 2 5
 20020624 1200 1010.1 2 5
 20020625 1200 1010.3 2 5
 20020626 1200 1011.1 2 5
 20020627 1200 1011.6 2 5
 20020628 1200 1011.2 2 5
 20020629 1200 1010.2 2 5
 20020630 1200 1010.1 2 5
 20020701 1200 1010.1 2 5
 20020702 1200 1010.3 2 5
 20020703 1200 1011.8 2 5
 20020704 1200 1013.0 2 5
 20020705 1200 1012.8 2 5
 20020706 1200 1011.8 2 5
 20020707 1200 1010.9 2 5
 20020708 1200 1010.9 2 5
 20020709 1200 1011.0 2 5
 20020710 1200 1011.7 2 5
 20020711 1200 1011.5 2 5
 20020712 1200 1011.5 2 5
 20020713 1200 1011.6 2 5
 20020714 1200 1011.9 2 5
 20020715 1200 1012.1 2 5
 20020716 1200 1012.0 2 5
 20020717 1200 1013.2 2 5
 20020718 1200 1014.0 2 5
 20020719 1200 1014.5 2 5
 20020720 1200 1015.3 2 5
 20020721 1200 1014.6 2 5
 20020722 1200 1013.3 2 5
 20020723 1200 1012.9 2 5
 20020724 1200 1013.1 2 5
 20020725 1200 1012.6 2 5
 20020726 1200 1012.7 2 5
 20020727 1200 1013.2 2 5
 20020728 1200 1012.9 2 5
 20020729 1200 1012.7 2 5
 20020730 1200 1012.7 2 5
 20020731 1200 1012.8 2 5
 20020801 1200 1012.6 2 5
 20020802 1200 1012.4 2 5
 20020803 1200 1012.8 2 5
 20020804 1200 1012.9 2 5
 20020805 1200 1012.3 2 5
 20020806 1200 1011.9 2 5
 20020807 1200 1011.4 2 5
 20020808 1200 1012.0 2 5
 20020809 1200 1011.3 2 5
 20020810 1200 1011.0 2 5
 20020811 1200 1011.4 2 5
 20020812 1200 1011.0 2 5
 20020813 1200 1009.9 2 5
 20020814 1200 1009.2 2 5
 20020815 1200 1008.9 2 5
 20020816 1200 1010.8 2 5
 20020817 1200 1012.0 2 5
 20020818 1200 1012.6 2 5
 20020819 1200 1011.4 2 5
 20020820 1200 1011.4 2 5
 20020821 1200 1011.8 2 5
 20020822 1200 1011.9 2 5
 20020823 1200 1012.0 2 5
 20020824 1200 1012.4 2 5
 20020825 1200 1013.8 2 5
 20020826 1200 1014.3 2 5
 20020827 1200 1013.9 2 5
 20020828 1200 1013.4 2 5
 20020829 1200 1012.2 2 5
 20020830 1200 1012.0 2 5
 20020831 1200 1012.4 2 5
 20020901 1200 1012.4 2 5
 20020902 1200 1012.1 2 5
 20020903 1200 1011.9 2 5
 20020904 1200 1012.5 2 5
 20020905 1200 1013.0 2 5
 20020906 1200 1012.2 2 5
 20020907 1200 1012.3 2 5
 20020908 1200 1013.1 2 5
 20020909 1200 1013.1 2 5
 20020910 1200 1012.3 2 5
 20020911 1200 1012.1 2 5
 20020912 1200 1011.7 2 5
 20020913 1200 1012.0 2 5
 20020914 1200 1011.8 2 5
 20020915 1200 1012.5 2 5
 20020916 1200 1012.6 2 5
 20020917 1200 1013.3 2 5
 20020918 1200 1013.6 2 5
 20020919 1200 1013.0 2 5
 20020920 1200 1012.3 2 5
 20020921 1200 1012.2 2 5
 20020922 1200 1012.7 2 5
 20020923 1200 1012.7 2 5
 20020924 1200 1011.6 2 5
 20020925 1200 1011.8 2 5
 20020926 1200 1011.9 2 5
 20020927 1200 1011.6 2 5
 20020928 1200 1012.1 2 5
 20020929 1200 1012.7 2 5
 20020930 1200 1013.0 2 5
 20021001 1200 1012.3 2 5
 20021002 1200 1011.4 2 5
 20021003 1200 1010.5 2 5
 20021004 1200 1009.7 2 5
 20021005 1200 1009.8 2 5
 20021006 1200 1010.6 2 5
 20021007 1200 1010.6 2 5
 20021008 1200 1010.1 2 5
 20021009 1200 1009.6 2 5
 20021010 1200 1009.4 2 5
 20021011 1200 1010.4 2 5
 20021012 1200 1011.4 2 5
 20021013 1200 1012.1 2 5
 20021014 1200 1012.1 2 5
 20021015 1200 1011.6 2 5
 20021016 1200 1011.2 2 5
 20021017 1200 1011.5 2 5
 20021018 1200 1011.8 2 5
 20021019 1200 1011.0 2 5
 20021020 1200 1010.7 2 5
 20021021 1200 1010.8 2 5
 20021022 1200 1011.8 2 5
 20021023 1200 1012.1 2 5
 20021024 1200 1012.1 2 5
 20021025 1200 1011.1 2 5
 20021026 1200 1012.2 2 5
 20021027 1200 1012.5 2 5
 20021028 1200 1012.4 2 5
 20021029 1200 1012.2 2 5
 20021030 1200 1012.2 2 5
 20021031 1200 1011.1 2 5
 20021101 1200 1011.7 2 5
 20021102 1200 1011.7 2 5
 20021103 1200 1012.2 2 5
 20021104 1200 1013.1 2 5
 20021105 1200 1013.3 2 5
 20021106 1200 1013.3 2 5
 20021107 1200 1013.7 2 5
 20021108 1200 1012.5 2 5
 20021109 1200 1011.5 2 5
 20021110 1200 1010.6 2 5
 20021111 1200 1010.4 2 5
 20021112 1200 1010.6 2 5
 20021113 1200 1011.3 2 5
 20021114 1200 1011.2 2 5
 20021115 1200 1009.6 2 5
 20021116 1200 1009.6 2 5
 20021117 1200 1010.2 2 5
 20021118 1200 1010.4 2 5
 20021119 1200 1009.4 2 5
 20021120 1200 1008.7 2 5
 20021121 1200 1009.9 2 5
 20021122 1200 1009.5 2 5
 20021123 1200 1010.2 2 5
 20021124 1200 1009.9 2 5
 20021125 1200 1009.2 2 5
 20021126 1200 1009.3 2 5
 20021127 1200 1007.9 2 5
 20021128 1200 1008.0 2 5
 20021129 1200 1008.4 2 5
 20021130 1200 1009.1 2 5
 20021201 1200 1008.3 2 5
 20021202 1200 1007.3 2 5
 20021203 1200 1008.2 2 5
 20021204 1200 1009.5 2 5
 20021205 1200 1009.9 2 5
 20021206 1200 1010.2 2 5
 20021207 1200 1011.5 2 5
 20021208 1200 1011.5 2 5
 20021209 1200 1011.1 2 5
 20021210 1200 1011.0 2 5
 20021211 1200 1010.5 2 5
 20021212 1200 1010.8 2 5
 20021213 1200 1010.8 2 5
 20021214 1200 1012.5 2 5
 20021215 1200 1013.7 2 5
 20021216 1200 1013.3 2 5
 20021217 1200 1011.4 2 5
 20021218 1200 1010.7 2 5
 20021219 1200 1011.2 2 5
 20021220 1200 1010.9 2 5
 20021221 1200 1011.1 2 5
 20021222 1200 1011.0 2 5
 20021223 1200 1011.1 2 5
 20021224 1200 1011.4 2 5
 20021225 1200 1010.6 2 5
 20021226 1200 1010.9 2 5
 20021227 1200 1010.2 2 5
 20021228 1200 1009.9 2 5
 20021229 1200 1009.9 2 5
 20021230 1200 1010.5 2 5
 20021231 1200 1010.5 2 5
 20030101 1200 1009.0 2 5
 20030102 1200 1009.1 2 5
 20030103 1200 1009.6 2 5
 20030104 1200 1010.3 2 5
 20030105 1200 1010.3 2 5
 20030106 1200 1009.3 2 5
 20030107 1200 1009.9 2 5
 20030108 1200 1010.8 2 5
 20030109 1200 1010.4 2 5
 20030110 1200 1009.8 2 5
 20030111 1200 1010.8 2 5
 20030112 1200 1011.3 2 5
 20030113 1200 1011.5 2 5
 20030114 1200 1011.3 2 5
 20030115 1200 1010.5 2 5
 20030116 1200 1010.5 2 5
 20030117 1200 1011.7 2 5
 20030118 1200 1012.6 2 5
 20030119 1200 1013.2 2 5
 20030120 1200 1012.7 2 5
 20030121 1200 1011.6 2 5
 20030122 1200 1011.1 2 5
 20030123 1200 1010.5 2 5
 20030124 1200 1010.1 2 5
 20030125 1200 1009.8 2 5
 20030126 1200 1009.9 2 5
 20030127 1200 1009.3 2 5
 20030128 1200 1009.3 2 5
 20030129 1200 1010.2 2 5
 20030130 1200 1011.3 2 5
 20030131 1200 1011.1 2 5
 20030201 1200 1010.7 2 5
 20030202 1200 1008.6 2 5
 20030203 1200 1007.4 2 5
 20030204 1200 1007.3 2 5
 20030205 1200 1007.0 2 5
 20030206 1200 1008.1 2 5
 20030207 1200 1009.4 2 5
 20030208 1200 1010.0 2 5
 20030209 1200 1010.2 2 5
 20030210 1200 1009.3 2 5
 20030211 1200 1008.7 2 5
 20030212 1200 1009.0 2 5
 20030213 1200 1010.1 2 5
 20030214 1200 1010.4 2 5
 20030215 1200 1009.2 2 5
 20030216 1200 1008.8 2 5
 20030217 1200 1009.2 2 5
 20030218 1200 1010.4 2 5
 20030219 1200 1011.3 2 5
 20030220 1200 1010.4 2 5
 20030221 1200 1009.1 2 5
 20030222 1200 1008.8 2 5
 20030223 1200 1008.8 2 5
 20030224 1200 1010.2 2 5
 20030225 1200 1012.2 2 5
 20030226 1200 1012.3 2 5
 20030227 1200 1012.0 2 5
 20030228 1200 1010.2 2 5
 20030301 1200 1010.1 2 5
 20030302 1200 1009.6 2 5
 20030303 1200 1008.6 2 5
 20030304 1200 1007.9 2 5
 20030305 1200 1008.0 2 5
 20030306 1200 1007.5 2 5
 20030307 1200 1007.2 2 5
 20030308 1200 1007.1 2 5
 20030309 1200 1007.8 2 5
 20030310 1200 1008.0 2 5
 20030311 1200 1007.5 2 5
 20030312 1200 1008.6 2 5
 20030313 1200 1010.7 2 5
 20030314 1200 1011.2 2 5
 20030315 1200 1011.2 2 5
 20030316 1200 1011.1 2 5
 20030317 1200 1011.9 2 5
 20030318 1200 1011.8 2 5
 20030319 1200 1011.7 2 5
 20030320 1200 1012.2 2 5
 20030321 1200 1010.7 2 5
 20030322 1200 1010.6 2 5
 20030323 1200 1011.2 2 5
 20030324 1200 1012.0 2 5
 20030325 1200 1012.2 2 5
 20030326 1200 1010.7 2 5
 20030327 1200 1009.6 2 5
 20030328 1200 1009.4 2 5
 20030329 1200 1010.3 2 5
 20030330 1200 1009.5 2 5
 20030331 1200 1008.8 2 5
 20030401 1200 1008.2 2 5
 20030402 1200 1008.8 2 5
 20030403 1200 1009.4 2 5
 20030404 1200 1008.9 2 5
 20030405 1200 1008.7 2 5
 20030406 1200 1008.6 2 5
 20030407 1200 1008.7 2 5
 20030408 1200 1009.7 2 5
 20030409 1200 1009.1 2 5
 20030410 1200 1009.7 2 5
 20030411 1200 1011.1 2 5
 20030412 1200 1011.8 2 5
 20030413 1200 1013.0 2 5
 20030414 1200 1013.6 2 5
 20030415 1200 1013.1 2 5
 20030416 1200 1012.2 2 5
 20030417 1200 1010.6 2 5
 20030418 1200 1010.8 2 5
 20030419 1200 1010.3 2 5
 20030420 1200 1010.8 2 5
 20030421 1200 1011.4 2 5
 20030422 1200 1010.4 2 5
 20030423 1200 1010.0 2 5
 20030424 1200 1010.4 2 5
 20030425 1200 1010.3 2 5
 20030426 1200 1010.3 2 5
 20030427 1200 1010.8 2 5
 20030428 1200 1012.0 2 5
 20030429 1200 1011.7 2 5
 20030430 1200 1011.4 2 5
 20030501 1200 1012.0 2 5
 20030502 1200 1012.4 2 5
 20030503 1200 1011.4 2 5
 20030504 1200 1011.4 2 5
 20030505 1200 1010.8 2 5
 20030506 1200 1010.2 2 5
 20030507 1200 1011.4 2 5
 20030508 1200 1011.1 2 5
 20030509 1200 1011.2 2 5
 20030510 1200 1011.5 2 5
 20030511 1200 1011.1 2 5
 20030512 1200 1010.7 2 5
 20030513 1200 1009.9 2 5
 20030514 1200 1009.4 2 5
 20030515 1200 1009.8 2 5
 20030516 1200 1010.3 2 5
 20030517 1200 1011.2 2 5
 20030518 1200 1011.6 2 5
 20030519 1200 1011.1 2 5
 20030520 1200 1010.7 2 5
 20030521 1200 1010.4 2 5
 20030522 1200 1010.0 2 5
 20030523 1200 1010.9 2 5
 20030524 1200 1011.1 2 5
 20030525 1200 1011.2 2 5
 20030526 1200 1011.6 2 5
 20030527 1200 1012.0 2 5
 20030528 1200 1012.7 2 5
 20030529 1200 1012.1 2 5
 20030530 1200 1011.9 2 5
 20030531 1200 1012.3 2 5
 20030601 1200 1012.6 2 5
 20030602 1200 1013.0 2 5
 20030603 1200 1012.7 2 5
 20030604 1200 1012.3 2 5
 20030605 1200 1012.8 2 5
 20030606 1200 1012.3 2 5
 20030607 1200 1011.4 2 5
 20030608 1200 1010.9 2 5
 20030609 1200 1011.7 2 5
 20030610 1200 1014.0 2 5
 20030611 1200 1014.0 2 5
 20030612 1200 1012.9 2 5
 20030613 1200 1011.4 2 5
 20030614 1200 1011.3 2 5
 20030615 1200 1012.3 2 5
 20030616 1200 1013.0 2 5
 20030617 1200 1012.7 2 5
 20030618 1200 1012.2 2 5
 20030619 1200 1011.6 2 5
 20030620 1200 1012.4 2 5
 20030621 1200 1013.4 2 5
 20030622 1200 1013.6 2 5
 20030623 1200 1012.3 2 5
 20030624 1200 1010.6 2 5
 20030625 1200 1009.8 2 5
 20030626 1200 1011.5 2 5
 20030627 1200 1012.1 2 5
 20030628 1200 1011.5 2 5
 20030629 1200 1012.0 2 5
 20030630 1200 1012.4 2 5
 20030701 1200 1012.6 2 5
 20030702 1200 1011.8 2 5
 20030703 1200 1011.0 2 5
 20030704 1200 1010.9 2 5
 20030705 1200 1011.8 2 5
 20030706 1200 1011.8 2 5
 20030707 1200 1011.7 2 5
 20030708 1200 1013.1 2 5
 20030709 1200 1012.8 2 5
 20030710 1200 1011.6 2 5
 20030711 1200 1011.4 2 5
 20030712 1200 1010.9 2 5
 20030713 1200 1011.1 2 5
 20030714 1200 1011.9 2 5
 20030715 1200 1011.6 2 5
 20030716 1200 1012.0 2 5
 20030717 1200 1011.7 2 5
 20030718 1200 1011.8 2 5
 20030719 1200 1011.4 2 5
 20030720 1200 1011.4 2 5
 20030721 1200 1010.6 2 5
 20030722 1200 1010.8 2 5
 20030723 1200 1011.9 2 5
 20030724 1200 1012.3 2 5
 20030725 1200 1012.1 2 5
 20030726 1200 1012.6 2 5
 20030727 1200 1012.9 2 5
 20030728 1200 1013.1 2 5
 20030729 1200 1012.9 2 5
 20030730 1200 1013.1 2 5
 20030731 1200 1014.1 2 5
 20030801 1200 1013.9 2 5
 20030802 1200 1013.3 2 5
 20030803 1200 1012.6 2 5
 20030804 1200 1011.5 2 5
 20030805 1200 1012.2 2 5
 20030806 1200 1012.8 2 5
 20030807 1200 1013.2 2 5
 20030808 1200 1012.3 2 5
 20030809 1200 1012.5 2 5
 20030810 1200 1011.9 2 5
 20030811 1200 1011.2 2 5
 20030812 1200 1011.7 2 5
 20030813 1200 1013.0 2 5
 20030814 1200 1013.6 2 5
 20030815 1200 1013.7 2 5
 20030816 1200 1012.9 2 5
 20030817 1200 1012.2 2 5
 20030818 1200 1012.8 2 5
 20030819 1200 1013.8 2 5
 20030820 1200 1014.4 2 5
 20030821 1200 1014.1 2 5
 20030822 1200 1012.5 2 5
 20030823 1200 1011.9 2 5
 20030824 1200 1012.1 2 5
 20030825 1200 1011.9 2 5
 20030826 1200 1012.4 2 5
 20030827 1200 1012.9 2 5
 20030828 1200 1012.7 2 5
 20030829 1200 1012.8 2 5
 20030830 1200 1013.5 2 5
 20030831 1200 1012.8 2 5
 20030901 1200 1013.2 2 5
 20030902 1200 1012.9 2 5
 20030903 1200 1013.8 2 5
 20030904 1200 1013.2 2 5
 20030905 1200 1013.3 2 5
 20030906 1200 1013.9 2 5
 20030907 1200 1013.6 2 5
 20030908 1200 1013.5 2 5
 20030909 1200 1013.5 2 5
 20030910 1200 1013.4 2 5
 20030911 1200 1013.5 2 5
 20030912 1200 1012.6 2 5
 20030913 1200 1012.3 2 5
 20030914 1200 1012.5 2 5
 20030915 1200 1013.2 2 5
 20030916 1200 1012.9 2 5
 20030917 1200 1012.7 2 5
 20030918 1200 1012.9 2 5
 20030919 1200 1012.1 2 5
 20030920 1200 1011.5 2 5
 20030921 1200 1012.0 2 5
 20030922 1200 1012.9 2 5
 20030923 1200 1014.0 2 5
 20030924 1200 1013.2 2 5
 20030925 1200 1012.8 2 5
 20030926 1200 1012.1 2 5
 20030927 1200 1012.2 2 5
 20030928 1200 1011.9 2 5
 20030929 1200 1011.7 2 5
 20030930 1200 1012.4 2 5
 20031001 1200 1013.0 2 5
 20031002 1200 1011.9 2 5
 20031003 1200 1011.0 2 5
 20031004 1200 1011.1 2 5
 20031005 1200 1012.3 2 5
 20031006 1200 1013.1 2 5
 20031007 1200 1012.8 2 5
 20031008 1200 1013.2 2 5
 20031009 1200 1012.5 2 5
 20031010 1200 1011.2 2 5
 20031011 1200 1010.9 2 5
 20031012 1200 1011.9 2 5
 20031013 1200 1012.6 2 5
 20031014 1200 1012.8 2 5
 20031015 1200 1013.1 2 5
 20031016 1200 1013.0 2 5
 20031017 1200 1012.0 2 5
 20031018 1200 1011.7 2 5
 20031019 1200 1012.3 2 5
 20031020 1200 1012.2 2 5
 20031021 1200 1012.1 2 5
 20031022 1200 1011.5 2 5
 20031023 1200 1011.3 2 5
 20031024 1200 1012.7 2 5
 20031025 1200 1013.4 2 5
 20031026 1200 1013.4 2 5
 20031027 1200 1013.0 2 5
 20031028 1200 1012.7 2 5
 20031029 1200 1012.8 2 5
 20031030 1200 1013.4 2 5
 20031031 1200 1012.9 2 5
 20031101 1200 1012.3 2 5
 20031102 1200 1011.1 2 5
 20031103 1200 1010.9 2 5
 20031104 1200 1011.2 2 5
 20031105 1200 1011.2 2 5
 20031106 1200 1011.6 2 5
 20031107 1200 1011.7 2 5
 20031108 1200 1011.5 2 5
 20031109 1200 1011.9 2 5
 20031110 1200 1011.9 2 5
 20031111 1200 1011.4 2 5
 20031112 1200 1009.6 2 5
 20031113 1200 1010.5 2 5
 20031114 1200 1011.0 2 5
 20031115 1200 1011.6 2 5
 20031116 1200 1011.5 2 5
 20031117 1200 1011.9 2 5
 20031118 1200 1011.3 2 5
 20031119 1200 1011.5 2 5
 20031120 1200 1010.9 2 5
 20031121 1200 1010.7 2 5
 20031122 1200 1011.2 2 5
 20031123 1200 1011.7 2 5
 20031124 1200 1011.0 2 5
 20031125 1200 1010.6 2 5
 20031126 1200 1011.2 2 5
 20031127 1200 1011.8 2 5
 20031128 1200 1012.6 2 5
 20031129 1200 1011.9 2 5
 20031130 1200 1011.4 2 5
 20031201 1200 1012.1 2 5
 20031202 1200 1012.8 2 5
 20031203 1200 1012.4 2 5
 20031204 1200 1011.7 2 5
 20031205 1200 1011.4 2 5
 20031206 1200 1011.3 2 5
 20031207 1200 1010.0 2 5
 20031208 1200 1010.3 2 5
 20031209 1200 1011.1 2 5
 20031210 1200 1012.5 2 5
 20031211 1200 1011.7 2 5
 20031212 1200 1011.4 2 5
 20031213 1200 1011.4 2 5
 20031214 1200 1010.2 2 5
 20031215 1200 1009.3 2 5
 20031216 1200 1008.9 2 5
 20031217 1200 1009.1 2 5
 20031218 1200 1010.1 2 5
 20031219 1200 1011.1 2 5
 20031220 1200 1010.9 2 5
 20031221 1200 1010.6 2 5
 20031222 1200 1008.7 2 5
 20031223 1200 1008.2 2 5
 20031224 1200 1009.9 2 5
 20031225 1200 1011.0 2 5
 20031226 1200 1012.5 2 5
 20031227 1200 1011.8 2 5
 20031228 1200 1011.4 2 5
 20031229 1200 1010.9 2 5
 20031230 1200 1009.1 2 5
 20031231 1200 1008.1 2 5
 20040101 1200 1008.5 2 5
 20040102 1200 1009.0 2 5
 20040103 1200 1008.5 2 5
 20040104 1200 1009.3 2 5
 20040105 1200 1009.6 2 5
 20040106 1200 1011.1 2 5
 20040107 1200 1011.7 2 5
 20040108 1200 1012.4 2 5
 20040109 1200 1011.5 2 5
 20040110 1200 1010.6 2 5
 20040111 1200 1010.2 2 5
 20040112 1200 1010.5 2 5
 20040113 1200 1011.8 2 5
 20040114 1200 1013.1 2 5
 20040115 1200 1013.0 2 5
 20040116 1200 1012.4 2 5
 20040117 1200 1011.8 2 5
 20040118 1200 1011.0 2 5
 20040119 1200 1010.8 2 5
 20040120 1200 1012.8 2 5
 20040121 1200 1013.5 2 5
 20040122 1200 1012.7 2 5
 20040123 1200 1012.5 2 5
 20040124 1200 1011.9 2 5
 20040125 1200 1011.4 2 5
 20040126 1200 1012.0 2 5
 20040127 1200 1012.7 2 5
 20040128 1200 1012.1 2 5
 20040129 1200 1011.5 2 5
 20040130 1200 1010.7 2 5
 20040131 1200 1010.1 2 5
 20040201 1200 1009.9 2 5
 20040202 1200 1010.4 2 5
 20040203 1200 1010.8 2 5
 20040204 1200 1010.8 2 5
 20040205 1200 1010.8 2 5
 20040206 1200 1010.1 2 5
 20040207 1200 1009.8 2 5
 20040208 1200 1009.9 2 5
 20040209 1200 1010.5 2 5
 20040210 1200 1010.9 2 5
 20040211 1200 1010.6 2 5
 20040212 1200 1010.1 2 5
 20040213 1200 1011.8 2 5
 20040214 1200 1011.7 2 5
 20040215 1200 1010.3 2 5
 20040216 1200 1010.2 2 5
 20040217 1200 1011.2 2 5
 20040218 1200 1011.9 2 5
 20040219 1200 1011.8 2 5
 20040220 1200 1011.3 2 5
 20040221 1200 1010.7 2 5
 20040222 1200 1011.3 2 5
 20040223 1200 1011.6 2 5
 20040224 1200 1011.6 2 5
 20040225 1200 1010.6 2 5
 20040226 1200 1009.6 2 5
 20040227 1200 1009.6 2 5
 20040228 1200 1009.3 2 5
 20040229 1200 1009.6 2 5
 20040301 1200 1008.8 2 5
 20040302 1200 1009.4 2 5
 20040303 1200 1010.1 2 5
 20040304 1200 1010.6 2 5
 20040305 1200 1011.2 2 5
 20040306 1200 1011.3 2 5
 20040307 1200 1010.6 2 5
 20040308 1200 1010.3 2 5
 20040309 1200 1009.8 2 5
 20040310 1200 1008.5 2 5
 20040311 1200 1008.7 2 5
 20040312 1200 1008.1 2 5
 20040313 1200 1008.3 2 5
 20040314 1200 1009.4 2 5
 20040315 1200 1009.4 2 5
 20040316 1200 1007.3 2 5
 20040317 1200 1006.6 2 5
 20040318 1200 1006.2 2 5
 20040319 1200 1006.6 2 5
 20040320 1200 1007.7 2 5
 20040321 1200 1007.2 2 5
 20040322 1200 1006.3 2 5
 20040323 1200 1006.8 2 5
 20040324 1200 1008.2 2 5
 20040325 1200 1009.5 2 5
 20040326 1200 1010.3 2 5
 20040327 1200 1010.5 2 5
 20040328 1200 1010.4 2 5
 20040329 1200 1009.8 2 5
 20040330 1200 1010.0 2 5
 20040331 1200 1010.4 2 5
 20040401 1200 1010.3 2 5
 20040402 1200 1010.1 2 5
 20040403 1200   -9.9 0 0
 20040404 1200 1009.5 2 5
 20040405 1200 1009.5 2 5
 20040406 1200 1009.9 2 5
 20040407 1200 1010.0 2 5
 20040408 1200 1009.8 2 5
 20040409 1200 1010.0 2 5
 20040410 1200 1010.1 2 5
 20040411 1200 1009.4 2 5
 20040412 1200 1009.9 2 5
 20040413 1200 1011.0 2 5
 20040414 1200 1011.7 2 5
 20040415 1200 1011.4 2 5
 20040416 1200 1011.3 2 5
 20040417 1200 1010.4 2 5
 20040418 1200 1010.4 2 5
 20040419 1200 1010.9 2 5
 20040420 1200 1010.7 2 5
 20040421 1200 1011.0 2 5
 20040422 1200 1012.4 2 5
 20040423 1200 1011.9 2 5
 20040424 1200 1011.0 2 5
 20040425 1200 1010.8 2 5
 20040426 1200 1011.2 2 5
 20040427 1200 1010.7 2 5
 20040428 1200 1010.0 2 5
 20040429 1200 1010.2 2 5
 20040430 1200 1010.4 2 5
 20040501 1200 1010.1 2 5
 20040502 1200 1009.7 2 5
 20040503 1200 1010.6 2 5
 20040504 1200 1010.7 2 5
 20040505 1200 1010.8 2 5
 20040506 1200 1010.3 2 5
 20040507 1200 1010.5 2 5
 20040508 1200 1010.9 2 5
 20040509 1200 1010.8 2 5
 20040510 1200 1010.1 2 5
 20040511 1200 1008.7 2 5
 20040512 1200 1009.3 2 5
 20040513 1200 1008.5 2 5
 20040514 1200 1009.4 2 5
 20040515 1200 1010.7 2 5
 20040516 1200 1010.9 2 5
 20040517 1200 1012.2 2 5
 20040518 1200 1012.6 2 5
 20040519 1200 1013.1 2 5
 20040520 1200 1013.1 2 5
 20040521 1200 1013.6 2 5
 20040522 1200 1013.4 2 5
 20040523 1200 1012.0 2 5
 20040524 1200 1012.2 2 5
 20040525 1200 1012.8 2 5
 20040526 1200 1013.4 2 5
 20040527 1200 1013.3 2 5
 20040528 1200 1013.2 2 5
 20040529 1200 1012.2 2 5
 20040530 1200 1012.2 2 5
 20040531 1200 1011.6 2 5
 20040601 1200 1010.8 2 5
 20040602 1200 1011.2 2 5
 20040603 1200 1010.8 2 5
 20040604 1200 1011.6 2 5
 20040605 1200 1011.4 2 5
 20040606 1200 1010.3 2 5
 20040607 1200 1010.5 2 5
 20040608 1200 1011.9 2 5
 20040609 1200 1012.3 2 5
 20040610 1200 1011.3 2 5
 20040611 1200 1011.5 2 5
 20040612 1200 1011.7 2 5
 20040613 1200 1012.3 2 5
 20040614 1200 1012.0 2 5
 20040615 1200 1010.6 2 5
 20040616 1200 1010.5 2 5
 20040617 1200 1011.4 2 5
 20040618 1200 1012.6 2 5
 20040619 1200 1012.9 2 5
 20040620 1200 1012.5 2 5
 20040621 1200 1011.7 2 5
 20040622 1200 1011.0 2 5
 20040623 1200 1011.7 2 5
 20040624 1200 1012.2 2 5
 20040625 1200 1012.4 2 5
 20040626 1200 1010.9 2 5
 20040627 1200 1010.6 2 5
 20040628 1200 1012.0 2 5
 20040629 1200 1013.2 2 5
 20040630 1200 1012.0 2 5
 20040701 1200 1012.3 2 5
 20040702 1200 1012.1 2 5
 20040703 1200 1012.1 2 5
 20040704 1200 1012.1 2 5
 20040705 1200 1012.0 2 5
 20040706 1200 1012.6 2 5
 20040707 1200 1013.0 2 5
 20040708 1200 1012.4 2 5
 20040709 1200 1012.0 2 5
 20040710 1200 1012.7 2 5
 20040711 1200 1011.9 2 5
 20040712 1200 1011.6 2 5
 20040713 1200 1011.4 2 5
 20040714 1200 1011.9 2 5
 20040715 1200 1011.9 2 5
 20040716 1200 1012.3 2 5
 20040717 1200 1012.7 2 5
 20040718 1200 1012.9 2 5
 20040719 1200 1013.2 2 5
 20040720 1200 1013.4 2 5
 20040721 1200 1012.9 2 5
 20040722 1200 1012.5 2 5
 20040723 1200 1012.3 2 5
 20040724 1200 1012.7 2 5
 20040725 1200 1013.0 2 5
 20040726 1200 1012.6 2 5
 20040727 1200 1012.6 2 5
 20040728 1200 1013.1 2 5
 20040729 1200 1012.7 2 5
 20040730 1200 1011.5 2 5
 20040731 1200 1011.3 2 5
 20040801 1200 1012.1 2 5
 20040802 1200 1013.1 2 5
 20040803 1200 1013.0 2 5
 20040804 1200 1012.3 2 5
 20040805 1200 1011.4 2 5
 20040806 1200 1011.0 2 5
 20040807 1200 1009.9 2 5
 20040808 1200 1011.2 2 5
 20040809 1200 1012.5 2 5
 20040810 1200 1012.8 2 5
 20040811 1200 1012.1 2 5
 20040812 1200 1011.9 2 5
 20040813 1200 1012.1 2 5
 20040814 1200 1012.0 2 5
 20040815 1200 1012.7 2 5
 20040816 1200 1013.4 2 5
 20040817 1200 1012.9 2 5
 20040818 1200 1012.2 2 5
 20040819 1200 1012.9 2 5
 20040820 1200 1013.7 2 5
 20040821 1200 1013.5 2 5
 20040822 1200 1013.1 2 5
 20040823 1200 1013.7 2 5
 20040824 1200 1013.3 2 5
 20040825 1200 1012.5 2 5
 20040826 1200 1012.7 2 5
 20040827 1200 1013.4 2 5
 20040828 1200 1013.2 2 5
 20040829 1200 1012.5 2 5
 20040830 1200 1012.1 2 5
 20040831 1200 1012.5 2 5
 20040901 1200 1012.4 2 5
 20040902 1200 1012.2 2 5
 20040903 1200 1012.1 2 5
 20040904 1200 1013.2 2 5
 20040905 1200 1014.2 2 5
 20040906 1200 1014.2 2 5
 20040907 1200 1013.5 2 5
 20040908 1200 1012.2 2 5
 20040909 1200 1011.6 2 5
 20040910 1200 1012.0 2 5
 20040911 1200 1012.2 2 5
 20040912 1200 1012.3 2 5
 20040913 1200 1012.6 2 5
 20040914 1200 1012.6 2 5
 20040915 1200 1013.2 2 5
 20040916 1200 1013.6 2 5
 20040917 1200 1013.6 2 5
 20040918 1200 1012.9 2 5
 20040919 1200 1013.3 2 5
 20040920 1200 1012.4 2 5
 20040921 1200 1012.6 2 5
 20040922 1200 1012.7 2 5
 20040923 1200 1012.9 2 5
 20040924 1200 1012.9 2 5
 20040925 1200 1012.4 2 5
 20040926 1200 1012.2 2 5
 20040927 1200 1012.5 2 5
 20040928 1200 1013.3 2 5
 20040929 1200 1012.8 2 5
 20040930 1200 1012.4 2 5
 20041001 1200 1011.1 2 5
 20041002 1200 1011.4 2 5
 20041003 1200 1012.0 2 5
 20041004 1200 1012.1 2 5
 20041005 1200 1012.6 2 5
 20041006 1200 1013.2 2 5
 20041007 1200 1012.6 2 5
 20041008 1200 1012.1 2 5
 20041009 1200 1012.2 2 5
 20041010 1200 1012.5 2 5
 20041011 1200 1012.3 2 5
 20041012 1200 1012.9 2 5
 20041013 1200 1011.2 2 5
 20041014 1200 1010.6 2 5
 20041015 1200 1011.7 2 5
 20041016 1200 1013.0 2 5
 20041017 1200 1013.2 2 5
 20041018 1200 1013.2 2 5
 20041019 1200 1013.6 2 5
 20041020 1200 1013.8 2 5
 20041021 1200 1014.1 2 5
 20041022 1200 1013.4 2 5
 20041023 1200 1013.4 2 5
 20041024 1200 1012.8 2 5
 20041025 1200 1014.2 2 5
 20041026 1200 1013.7 2 5
 20041027 1200 1012.9 2 5
 20041028 1200 1012.7 2 5
 20041029 1200 1012.7 2 5
 20041030 1200 1012.1 2 5
 20041031 1200 1011.0 2 5
 20041101 1200 1011.8 2 5
 20041102 1200 1011.2 2 5
 20041103 1200 1009.8 2 5
 20041104 1200 1010.3 2 5
 20041105 1200 1011.3 2 5
 20041106 1200 1011.8 2 5
 20041107 1200 1011.4 2 5
 20041108 1200 1011.4 2 5
 20041109 1200 1012.0 2 5
 20041110 1200 1012.4 2 5
 20041111 1200 1011.3 2 5
 20041112 1200 1011.5 2 5
 20041113 1200 1011.7 2 5
 20041114 1200 1011.7 2 5
 20041115 1200 1011.9 2 5
 20041116 1200 1012.3 2 5
 20041117 1200 1011.9 2 5
 20041118 1200 1011.8 2 5
 20041119 1200 1012.0 2 5
 20041120 1200 1010.5 2 5
 20041121 1200 1010.4 2 5
 20041122 1200 1011.5 2 5
 20041123 1200 1011.7 2 5
 20041124 1200 1012.4 2 5
 20041125 1200 1012.6 2 5
 20041126 1200 1011.4 2 5
 20041127 1200 1010.9 2 5
 20041128 1200 1010.3 2 5
 20041129 1200 1010.3 2 5
 20041130 1200 1010.6 2 5
 20041201 1200 1010.7 2 5
 20041202 1200 1009.3 2 5
 20041203 1200 1008.8 2 5
 20041204 1200 1009.4 2 5
 20041205 1200 1010.7 2 5
 20041206 1200 1011.3 2 5
 20041207 1200 1011.7 2 5
 20041208 1200 1011.8 2 5
 20041209 1200 1011.9 2 5
 20041210 1200 1010.9 2 5
 20041211 1200 1010.9 2 5
 20041212 1200 1010.6 2 5
 20041213 1200 1010.7 2 5
 20041214 1200 1011.7 2 5
 20041215 1200 1012.4 2 5
 20041216 1200 1012.0 2 5
 20041217 1200 1010.9 2 5
 20041218 1200 1009.9 2 5
 20041219 1200 1010.8 2 5
 20041220 1200 1010.8 2 5
 20041221 1200 1009.8 2 5
 20041222 1200 1009.2 2 5
 20041223 1200 1009.6 2 5
 20041224 1200 1010.6 2 5
 20041225 1200 1010.1 2 5
 20041226 1200 1010.2 2 5
 20041227 1200 1010.5 2 5
 20041228 1200 1011.4 2 5
 20041229 1200 1011.1 2 5
 20041230 1200 1010.4 2 5
 20041231 1200 1010.7 2 5
 20050101 1200 1010.3 2 5
 20050102 1200 1010.1 2 5
 20050103 1200 1011.0 2 5
 20050104 1200 1010.8 2 5
 20050105 1200 1009.7 2 5
 20050106 1200 1009.4 2 5
 20050107 1200 1009.2 2 5
 20050108 1200 1009.6 2 5
 20050109 1200 1010.4 2 5
 20050110 1200 1011.4 2 5
 20050111 1200 1010.6 2 5
 20050112 1200 1009.8 2 5
 20050113 1200 1010.2 2 5
 20050114 1200 1012.5 2 5
 20050115 1200 1013.1 2 5
 20050116 1200 1012.7 2 5
 20050117 1200 1011.7 2 5
 20050118 1200 1010.8 2 5
 20050119 1200 1011.8 2 5
 20050120 1200 1013.0 2 5
 20050121 1200 1013.3 2 5
 20050122 1200 1013.0 2 5
 20050123 1200 1012.4 2 5
 20050124 1200 1012.0 2 5
 20050125 1200 1010.9 2 5
 20050126 1200 1010.7 2 5
 20050127 1200 1010.7 2 5
 20050128 1200 1010.6 2 5
 20050129 1200 1010.8 2 5
 20050130 1200 1009.2 2 5
 20050131 1200 1008.4 2 5
 20050201 1200 1008.9 2 5
 20050202 1200 1009.0 2 5
 20050203 1200 1008.4 2 5
 20050204 1200 1008.1 2 5
 20050205 1200 1008.4 2 5
 20050206 1200 1009.4 2 5
 20050207 1200 1009.8 2 5
 20050208 1200 1009.5 2 5
 20050209 1200 1008.2 2 5
 20050210 1200 1008.6 2 5
 20050211 1200 1010.3 2 5
 20050212 1200 1011.1 2 5
 20050213 1200 1011.0 2 5
 20050214 1200 1010.8 2 5
 20050215 1200 1011.2 2 5
 20050216 1200 1009.9 2 5
 20050217 1200 1007.6 2 5
 20050218 1200 1008.2 2 5
 20050219 1200 1010.2 2 5
 20050220 1200 1010.7 2 5
 20050221 1200 1010.4 2 5
 20050222 1200 1009.7 2 5
 20050223 1200 1009.9 2 5
 20050224 1200 1009.0 2 5
 20050225 1200 1008.9 2 5
 20050226 1200 1009.5 2 5
 20050227 1200 1010.8 2 5
 20050228 1200 1011.9 2 5
 20050301 1200 1011.9 2 5
 20050302 1200 1013.1 2 5
 20050303 1200 1013.5 2 5
 20050304 1200 1013.1 2 5
 20050305 1200 1014.5 2 5
 20050306 1200 1014.9 2 5
 20050307 1200 1013.9 2 5
 20050308 1200 1013.6 2 5
 20050309 1200 1012.1 2 5
 20050310 1200 1010.0 2 5
 20050311 1200 1010.4 2 5
 20050312 1200 1010.9 2 5
 20050313 1200 1010.7 2 5
 20050314 1200 1010.5 2 5
 20050315 1200 1009.7 2 5
 20050316 1200 1009.5 2 5
 20050317 1200 1010.6 2 5
 20050318 1200 1010.5 2 5
 20050319 1200 1010.6 2 5
 20050320 1200 1010.4 2 5
 20050321 1200 1009.7 2 5
 20050322 1200 1009.2 2 5
 20050323 1200 1010.2 2 5
 20050324 1200 1011.5 2 5
 20050325 1200 1011.8 2 5
 20050326 1200 1010.9 2 5
 20050327 1200 1010.2 2 5
 20050328 1200 1010.5 2 5
 20050329 1200 1011.6 2 5
 20050330 1200 1010.7 2 5
 20050331 1200 1010.1 2 5
 20050401 1200 1009.9 2 5
 20050402 1200 1009.3 2 5
 20050403 1200 1009.4 2 5
 20050404 1200 1009.7 2 5
 20050405 1200 1009.8 2 5
 20050406 1200 1009.4 2 5
 20050407 1200 1009.7 2 5
 20050408 1200 1009.3 2 5
 20050409 1200 1009.5 2 5
 20050410 1200 1009.2 2 5
 20050411 1200 1008.1 2 5
 20050412 1200 1006.8 2 5
 20050413 1200 1006.7 2 5
 20050414 1200 1007.6 2 5
 20050415 1200 1007.4 2 5
 20050416 1200 1008.6 2 5
 20050417 1200 1009.2 2 5
 20050418 1200 1010.0 2 5
 20050419 1200 1010.0 2 5
 20050420 1200 1009.6 2 5
 20050421 1200 1009.5 2 5
 20050422 1200 1010.2 2 5
 20050423 1200 1010.9 2 5
 20050424 1200 1011.2 2 5
 20050425 1200 1010.9 2 5
 20050426 1200 1010.6 2 5
 20050427 1200 1011.9 2 5
 20050428 1200 1012.2 2 5
 20050429 1200 1011.6 2 5
 20050430 1200 1012.0 2 5
 20050501 1200 1012.1 2 5
 20050502 1200 1012.2 2 5
 20050503 1200 1012.0 2 5
 20050504 1200 1011.4 2 5
 20050505 1200 1010.4 2 5
 20050506 1200 1010.0 2 5
 20050507 1200 1010.2 2 5
 20050508 1200 1009.7 2 5
 20050509 1200 1008.3 2 5
 20050510 1200 1007.7 2 5
 20050511 1200 1007.3 2 5
 20050512 1200 1008.1 2 5
 20050513 1200 1009.8 2 5
 20050514 1200 1009.7 2 5
 20050515 1200 1010.8 2 5
 20050516 1200 1011.6 2 5
 20050517 1200 1011.2 2 5
 20050518 1200 1010.0 2 5
 20050519 1200 1010.3 2 5
 20050520 1200 1010.6 2 5
 20050521 1200 1011.2 2 5
 20050522 1200 1011.9 2 5
 20050523 1200 1011.2 2 5
 20050524 1200 1011.2 2 5
 20050525 1200 1011.1 2 5
 20050526 1200 1011.1 2 5
 20050527 1200 1011.0 2 5
 20050528 1200 1010.2 2 5
 20050529 1200 1011.1 2 5
 20050530 1200 1011.4 2 5
 20050531 1200 1010.9 2 5
 20050601 1200 1011.1 2 5
 20050602 1200 1010.7 2 5
 20050603 1200 1010.6 2 5
 20050604 1200 1011.8 2 5
 20050605 1200 1011.1 2 5
 20050606 1200 1011.3 2 5
 20050607 1200 1011.5 2 5
 20050608 1200 1011.1 2 5
 20050609 1200 1011.0 2 5
 20050610 1200 1011.0 2 5
 20050611 1200 1010.0 2 5
 20050612 1200 1011.2 2 5
 20050613 1200 1011.2 2 5
 20050614 1200 1010.3 2 5
 20050615 1200 1010.6 2 5
 20050616 1200 1011.7 2 5
 20050617 1200 1012.1 2 5
 20050618 1200 1011.2 2 5
 20050619 1200 1011.1 2 5
 20050620 1200 1011.6 2 5
 20050621 1200 1011.5 2 5
 20050622 1200 1011.9 2 5
 20050623 1200 1012.0 2 5
 20050624 1200 1011.8 2 5
 20050625 1200 1011.9 2 5
 20050626 1200 1012.1 2 5
 20050627 1200 1013.1 2 5
 20050628 1200 1011.7 2 5
 20050629 1200 1011.9 2 5
 20050630 1200 1012.6 2 5
 20050701 1200 1013.1 2 5
 20050702 1200 1012.3 2 5
 20050703 1200 1012.4 2 5
 20050704 1200 1013.3 2 5
 20050705 1200 1013.3 2 5
 20050706 1200 1011.9 2 5
 20050707 1200 1012.1 2 5
 20050708 1200 1012.3 2 5
 20050709 1200 1012.3 2 5
 20050710 1200 1012.3 2 5
 20050711 1200 1012.8 2 5
 20050712 1200 1013.8 2 5
 20050713 1200 1014.4 2 5
 20050714 1200 1013.2 2 5
 20050715 1200 1012.0 2 5
 20050716 1200 1011.8 2 5
 20050717 1200 1011.6 2 5
 20050718 1200 1011.7 2 5
 20050719 1200 1011.4 2 5
 20050720 1200 1011.5 2 5
 20050721 1200 1011.2 2 5
 20050722 1200 1010.8 2 5
 20050723 1200 1011.6 2 5
 20050724 1200 1011.7 2 5
 20050725 1200 1010.8 2 5
 20050726 1200 1010.3 2 5
 20050727 1200 1011.1 2 5
 20050728 1200 1010.6 2 5
 20050729 1200 1011.2 2 5
 20050730 1200 1012.1 2 5
 20050731 1200 1012.0 2 5
 20050801 1200 1012.4 2 5
 20050802 1200 1012.2 2 5
 20050803 1200 1011.7 2 5
 20050804 1200 1011.5 2 5
 20050805 1200 1011.8 2 5
 20050806 1200 1012.1 2 5
 20050807 1200 1012.9 2 5
 20050808 1200 1012.9 2 5
 20050809 1200 1012.8 2 5
 20050810 1200 1013.3 2 5
 20050811 1200 1013.9 2 5
 20050812 1200 1014.5 2 5
 20050813 1200 1013.9 2 5
 20050814 1200 1013.1 2 5
 20050815 1200 1013.9 2 5
 20050816 1200 1013.7 2 5
 20050817 1200 1013.2 2 5
 20050818 1200 1012.6 2 5
 20050819 1200 1012.8 2 5
 20050820 1200 1013.3 2 5
 20050821 1200 1013.0 2 5
 20050822 1200 1012.8 2 5
 20050823 1200 1013.0 2 5
 20050824 1200 1012.2 2 5
 20050825 1200 1013.7 2 5
 20050826 1200 1013.7 2 5
 20050827 1200 1012.3 2 5
 20050828 1200 1010.7 2 5
 20050829 1200 1011.0 2 5
 20050830 1200 1012.1 2 5
 20050831 1200 1012.3 2 5
 20050901 1200 1011.8 2 5
 20050902 1200 1011.3 2 5
 20050903 1200 1012.0 2 5
 20050904 1200 1012.1 2 5
 20050905 1200 1012.1 2 5
 20050906 1200 1011.4 2 5
 20050907 1200 1010.9 2 5
 20050908 1200 1010.9 2 5
 20050909 1200 1010.6 2 5
 20050910 1200 1011.3 2 5
 20050911 1200 1012.7 2 5
 20050912 1200 1013.9 2 5
 20050913 1200 1014.0 2 5
 20050914 1200 1013.3 2 5
 20050915 1200 1012.8 2 5
 20050916 1200 1012.9 2 5
 20050917 1200 1012.7 2 5
 20050918 1200 1012.3 2 5
 20050919 1200 1013.1 2 5
 20050920 1200 1014.5 2 5
 20050921 1200 1014.7 2 5
 20050922 1200 1013.8 2 5
 20050923 1200 1013.5 2 5
 Time: 1200 15 Nov 2005 to 1200 29 May 2006 (index  1684 to  1879,  196 times)
 Depth (M):        -3 QUALITY and SOURCE
 YYYYMMDD HHMM    SLP Q S
 20051115 1200 1012.4 2 1
 20051116 1200 1011.9 2 1
 20051117 1200 1011.8 2 1
 20051118 1200 1011.6 2 1
 20051119 1200 1011.4 2 1
 20051120 1200 1012.2 2 1
 20051121 1200 1012.5 2 1
 20051122 1200 1013.6 2 1
 20051123 1200 1013.5 2 1
 20051124 1200 1012.5 2 1
 20051125 1200 1013.1 2 1
 20051126 1200 1011.9 2 1
 20051127 1200 1011.1 2 1
 20051128 1200 1010.8 2 1
 20051129 1200 1011.2 2 1
 20051130 1200 1011.1 2 1
 20051201 1200 1010.6 2 1
 20051202 1200 1011.1 2 1
 20051203 1200 1013.2 2 1
 20051204 1200 1013.2 2 1
 20051205 1200 1012.7 2 1
 20051206 1200 1011.7 2 1
 20051207 1200 1010.7 2 1
 20051208 1200 1010.3 2 1
 20051209 1200 1009.8 2 1
 20051210 1200 1010.1 2 1
 20051211 1200 1010.0 2 1
 20051212 1200 1010.6 2 1
 20051213 1200 1011.5 2 1
 20051214 1200 1011.8 2 1
 20051215 1200 1011.8 2 1
 20051216 1200 1011.4 2 1
 20051217 1200 1012.7 2 1
 20051218 1200 1013.7 2 1
 20051219 1200 1013.3 2 1
 20051220 1200 1012.9 2 1
 20051221 1200 1012.6 2 1
 20051222 1200 1012.4 2 1
 20051223 1200 1012.8 2 1
 20051224 1200 1012.9 2 1
 20051225 1200 1012.8 2 1
 20051226 1200 1013.2 2 1
 20051227 1200 1013.9 2 1
 20051228 1200 1013.7 2 1
 20051229 1200 1012.0 2 1
 20051230 1200 1011.2 2 1
 20051231 1200 1011.6 2 1
 20060101 1200 1012.4 2 1
 20060102 1200 1013.2 2 1
 20060103 1200 1012.8 2 1
 20060104 1200 1012.6 2 1
 20060105 1200 1013.0 2 1
 20060106 1200 1011.8 2 1
 20060107 1200 1010.9 2 1
 20060108 1200 1010.4 2 1
 20060109 1200 1010.5 2 1
 20060110 1200 1010.8 2 1
 20060111 1200 1009.7 2 1
 20060112 1200 1008.2 2 1
 20060113 1200 1009.2 2 1
 20060114 1200 1011.0 2 1
 20060115 1200 1012.6 2 1
 20060116 1200 1012.2 2 1
 20060117 1200 1012.4 2 1
 20060118 1200 1012.2 2 1
 20060119 1200 1011.2 2 1
 20060120 1200 1009.4 2 1
 20060121 1200 1008.3 2 1
 20060122 1200 1008.4 2 1
 20060123 1200 1008.2 2 1
 20060124 1200 1007.7 2 1
 20060125 1200 1009.2 2 1
 20060126 1200 1010.4 2 1
 20060127 1200 1011.8 2 1
 20060128 1200 1012.1 2 1
 20060129 1200 1011.3 2 1
 20060130 1200 1010.8 2 1
 20060131 1200 1011.0 2 1
 20060201 1200 1011.8 2 1
 20060202 1200 1011.3 2 1
 20060203 1200 1010.7 2 1
 20060204 1200 1010.9 2 1
 20060205 1200 1010.5 2 1
 20060206 1200 1010.7 2 1
 20060207 1200 1010.8 2 1
 20060208 1200 1011.2 2 1
 20060209 1200 1011.3 2 1
 20060210 1200 1011.8 2 1
 20060211 1200 1011.8 2 1
 20060212 1200 1011.4 2 1
 20060213 1200 1011.7 2 1
 20060214 1200 1011.4 2 1
 20060215 1200 1009.5 2 1
 20060216 1200 1008.7 2 1
 20060217 1200 1008.6 2 1
 20060218 1200 1008.9 2 1
 20060219 1200 1009.1 2 1
 20060220 1200 1009.4 2 1
 20060221 1200 1009.6 2 1
 20060222 1200 1009.1 2 1
 20060223 1200 1009.0 2 1
 20060224 1200 1009.2 2 1
 20060225 1200 1010.6 2 1
 20060226 1200 1011.2 2 1
 20060227 1200 1010.7 2 1
 20060228 1200 1010.3 2 1
 20060301 1200 1010.3 2 1
 20060302 1200 1010.4 2 1
 20060303 1200 1010.0 2 1
 20060304 1200 1009.3 2 1
 20060305 1200 1009.9 2 1
 20060306 1200 1011.8 2 1
 20060307 1200 1012.0 2 1
 20060308 1200 1011.9 2 1
 20060309 1200 1010.3 2 1
 20060310 1200 1009.4 2 1
 20060311 1200 1010.1 2 1
 20060312 1200 1011.4 2 1
 20060313 1200 1010.5 2 1
 20060314 1200 1009.0 2 1
 20060315 1200 1009.7 2 1
 20060316 1200 1010.7 2 1
 20060317 1200 1010.2 2 1
 20060318 1200 1009.9 2 1
 20060319 1200 1009.0 2 1
 20060320 1200 1008.8 2 1
 20060321 1200 1009.4 2 1
 20060322 1200 1009.7 2 1
 20060323 1200 1010.6 2 1
 20060324 1200 1011.0 2 1
 20060325 1200 1010.3 2 1
 20060326 1200 1009.7 2 1
 20060327 1200 1010.1 2 1
 20060328 1200 1010.4 2 1
 20060329 1200 1011.2 2 1
 20060330 1200 1010.5 2 1
 20060331 1200 1010.8 2 1
 20060401 1200 1010.6 2 1
 20060402 1200 1010.1 2 1
 20060403 1200 1010.0 2 1
 20060404 1200 1011.1 2 1
 20060405 1200 1011.3 2 1
 20060406 1200 1009.7 2 1
 20060407 1200 1009.3 2 1
 20060408 1200 1010.3 2 1
 20060409 1200 1009.6 2 1
 20060410 1200   -9.9 0 0
 20060411 1200   -9.9 0 0
 20060412 1200 1010.4 2 1
 20060413 1200 1010.2 2 1
 20060414 1200 1010.0 2 1
 20060415 1200 1009.7 2 1
 20060416 1200 1010.3 2 1
 20060417 1200 1010.6 2 1
 20060418 1200 1010.2 2 1
 20060419 1200 1009.4 2 1
 20060420 1200 1008.2 2 1
 20060421 1200 1008.1 2 1
 20060422 1200 1009.1 2 1
 20060423 1200 1009.7 2 1
 20060424 1200 1010.4 2 1
 20060425 1200 1011.2 2 1
 20060426 1200 1011.4 2 1
 20060427 1200 1010.8 2 1
 20060428 1200 1010.7 2 1
 20060429 1200 1010.6 2 1
 20060430 1200 1008.9 2 1
 20060501 1200 1009.1 2 1
 20060502 1200 1009.8 2 1
 20060503 1200 1010.6 2 1
 20060504 1200 1011.1 2 1
 20060505 1200 1011.3 2 1
 20060506 1200 1010.8 2 1
 20060507 1200 1010.7 2 1
 20060508 1200 1011.1 2 1
 20060509 1200 1010.4 2 1
 20060510 1200 1011.0 2 1
 20060511 1200 1010.7 2 1
 20060512 1200 1010.7 2 1
 20060513 1200 1010.0 2 1
 20060514 1200 1011.0 2 1
 20060515 1200 1012.1 2 1
 20060516 1200 1012.5 2 1
 20060517 1200 1011.6 2 1
 20060518 1200 1012.0 2 1
 20060519 1200 1012.7 2 1
 20060520 1200 1012.8 2 1
 20060521 1200 1012.8 2 1
 20060522 1200 1011.9 2 1
 20060523 1200 1012.1 2 1
 20060524 1200 1012.3 2 1
 20060525 1200 1012.2 2 1
 20060526 1200 1010.8 2 1
 20060527 1200   -9.9 0 0
 20060528 1200 1010.7 2 1
 20060529 1200 1011.1 2 1
 Time: 1200 20 Nov 2006 to 1200 27 Dec 2007 (index  2054 to  2456,  403 times)
 Depth (M):        -3 QUALITY and SOURCE
 YYYYMMDD HHMM    SLP Q S
 20061120 1200 1012.4 2 5
 20061121 1200 1012.5 2 5
 20061122 1200 1011.9 2 5
 20061123 1200 1011.5 2 5
 20061124 1200 1010.3 2 5
 20061125 1200 1009.6 2 5
 20061126 1200 1009.7 2 5
 20061127 1200 1010.7 2 5
 20061128 1200 1010.5 2 5
 20061129 1200 1009.5 2 5
 20061130 1200 1009.8 2 5
 20061201 1200 1009.8 2 5
 20061202 1200 1008.8 2 5
 20061203 1200 1008.2 2 5
 20061204 1200 1008.6 2 5
 20061205 1200 1009.1 2 5
 20061206 1200 1010.6 2 5
 20061207 1200 1011.9 2 5
 20061208 1200 1012.6 2 5
 20061209 1200 1012.3 2 5
 20061210 1200 1012.2 2 5
 20061211 1200 1012.6 2 5
 20061212 1200 1013.1 2 5
 20061213 1200 1013.0 2 5
 20061214 1200 1012.1 2 5
 20061215 1200 1010.1 2 5
 20061216 1200 1009.2 2 5
 20061217 1200 1010.1 2 5
 20061218 1200 1010.6 2 5
 20061219 1200 1011.5 2 5
 20061220 1200 1011.6 2 5
 20061221 1200 1011.8 2 5
 20061222 1200 1011.3 2 5
 20061223 1200 1011.4 2 5
 20061224 1200 1011.7 2 5
 20061225 1200 1012.0 2 5
 20061226 1200 1012.0 2 5
 20061227 1200 1011.1 2 5
 20061228 1200 1009.6 2 5
 20061229 1200 1010.1 2 5
 20061230 1200 1010.6 2 5
 20061231 1200 1010.3 2 5
 20070101 1200 1009.7 2 5
 20070102 1200 1009.3 2 5
 20070103 1200 1010.0 2 5
 20070104 1200 1010.0 2 5
 20070105 1200 1008.9 2 5
 20070106 1200 1009.0 2 5
 20070107 1200 1009.3 2 5
 20070108 1200 1009.7 2 5
 20070109 1200 1009.4 2 5
 20070110 1200 1008.6 2 5
 20070111 1200 1008.5 2 5
 20070112 1200 1007.3 2 5
 20070113 1200 1007.4 2 5
 20070114 1200 1007.1 2 5
 20070115 1200 1007.4 2 5
 20070116 1200 1008.2 2 5
 20070117 1200 1009.8 2 5
 20070118 1200 1010.0 2 5
 20070119 1200 1010.9 2 5
 20070120 1200 1010.6 2 5
 20070121 1200 1011.1 2 5
 20070122 1200 1010.4 2 5
 20070123 1200 1010.4 2 5
 20070124 1200 1011.1 2 5
 20070125 1200 1012.0 2 5
 20070126 1200 1011.4 2 5
 20070127 1200 1010.5 2 5
 20070128 1200 1009.5 2 5
 20070129 1200 1010.5 2 5
 20070130 1200 1011.1 2 5
 20070131 1200 1010.9 2 5
 20070201 1200 1010.1 2 5
 20070202 1200 1009.9 2 5
 20070203 1200 1009.7 2 5
 20070204 1200 1010.1 2 5
 20070205 1200 1010.4 2 5
 20070206 1200 1011.2 2 5
 20070207 1200 1011.6 2 5
 20070208 1200 1011.1 2 5
 20070209 1200 1011.4 2 5
 20070210 1200 1010.8 2 5
 20070211 1200 1010.4 2 5
 20070212 1200 1011.4 2 5
 20070213 1200 1012.1 2 5
 20070214 1200 1012.6 2 5
 20070215 1200 1012.5 2 5
 20070216 1200 1012.6 2 5
 20070217 1200 1012.6 2 5
 20070218 1200 1012.5 2 5
 20070219 1200 1012.6 2 5
 20070220 1200 1012.2 2 5
 20070221 1200 1009.8 2 5
 20070222 1200 1009.1 2 5
 20070223 1200 1009.3 2 5
 20070224 1200 1008.7 2 5
 20070225 1200 1007.9 2 5
 20070226 1200 1008.5 2 5
 20070227 1200 1008.6 2 5
 20070228 1200 1008.7 2 5
 20070301 1200 1008.0 2 5
 20070302 1200 1007.8 2 5
 20070303 1200 1008.7 2 5
 20070304 1200 1009.7 2 5
 20070305 1200 1010.2 2 5
 20070306 1200 1010.9 2 5
 20070307 1200 1010.8 2 5
 20070308 1200 1010.3 2 5
 20070309 1200 1010.0 2 5
 20070310 1200 1010.1 2 5
 20070311 1200 1010.2 2 5
 20070312 1200 1010.4 2 5
 20070313 1200 1011.2 2 5
 20070314 1200 1011.0 2 5
 20070315 1200 1010.2 2 5
 20070316 1200 1009.4 2 5
 20070317 1200 1009.6 2 5
 20070318 1200 1009.9 2 5
 20070319 1200 1010.0 2 5
 20070320 1200 1010.2 2 5
 20070321 1200 1010.1 2 5
 20070322 1200 1010.0 2 5
 20070323 1200 1009.0 2 5
 20070324 1200 1008.8 2 5
 20070325 1200 1010.6 2 5
 20070326 1200 1010.4 2 5
 20070327 1200 1010.0 2 5
 20070328 1200 1009.2 2 5
 20070329 1200 1008.5 2 5
 20070330 1200 1008.7 2 5
 20070331 1200 1008.3 2 5
 20070401 1200 1008.5 2 5
 20070402 1200 1010.0 2 5
 20070403 1200 1010.5 2 5
 20070404 1200 1010.3 2 5
 20070405 1200 1009.5 2 5
 20070406 1200 1009.8 2 5
 20070407 1200 1011.4 2 5
 20070408 1200 1012.3 2 5
 20070409 1200 1013.0 2 5
 20070410 1200 1012.5 2 5
 20070411 1200 1011.3 2 5
 20070412 1200 1011.4 2 5
 20070413 1200 1012.2 2 5
 20070414 1200 1011.8 2 5
 20070415 1200 1010.5 2 5
 20070416 1200 1011.1 2 5
 20070417 1200 1011.3 2 5
 20070418 1200 1011.0 2 5
 20070419 1200 1010.6 2 5
 20070420 1200 1010.9 2 5
 20070421 1200 1011.0 2 5
 20070422 1200 1010.8 2 5
 20070423 1200 1010.6 2 5
 20070424 1200 1011.5 2 5
 20070425 1200 1011.5 2 5
 20070426 1200 1011.1 2 5
 20070427 1200 1010.9 2 5
 20070428 1200 1010.5 2 5
 20070429 1200 1011.2 2 5
 20070430 1200 1011.2 2 5
 20070501 1200 1010.7 2 5
 20070502 1200 1010.5 2 5
 20070503 1200 1009.6 2 5
 20070504 1200 1009.4 2 5
 20070505 1200 1010.1 2 5
 20070506 1200 1009.7 2 5
 20070507 1200 1009.5 2 5
 20070508 1200 1009.7 2 5
 20070509 1200 1009.6 2 5
 20070510 1200 1010.0 2 5
 20070511 1200 1011.2 2 5
 20070512 1200 1011.3 2 5
 20070513 1200 1011.7 2 5
 20070514 1200 1011.2 2 5
 20070515 1200 1011.8 2 5
 20070516 1200 1012.2 2 5
 20070517 1200 1012.5 2 5
 20070518 1200 1011.7 2 5
 20070519 1200 1012.4 2 5
 20070520 1200 1012.5 2 5
 20070521 1200 1011.8 2 5
 20070522 1200 1011.6 2 5
 20070523 1200 1012.7 2 5
 20070524 1200 1011.9 2 5
 20070525 1200 1011.9 2 5
 20070526 1200 1012.8 2 5
 20070527 1200 1012.3 2 5
 20070528 1200 1011.9 2 5
 20070529 1200 1012.4 2 5
 20070530 1200 1013.4 2 5
 20070531 1200 1013.0 2 5
 20070601 1200 1012.0 2 5
 20070602 1200 1012.2 2 5
 20070603 1200 1012.4 2 5
 20070604 1200 1013.1 2 5
 20070605 1200 1013.4 2 5
 20070606 1200 1013.1 2 5
 20070607 1200 1012.4 2 5
 20070608 1200 1012.3 2 5
 20070609 1200 1011.6 2 5
 20070610 1200 1010.4 2 5
 20070611 1200 1010.2 2 5
 20070612 1200 1010.5 2 5
 20070613 1200 1010.6 2 5
 20070614 1200 1010.6 2 5
 20070615 1200 1010.9 2 5
 20070616 1200 1011.5 2 5
 20070617 1200 1010.9 2 5
 20070618 1200 1010.2 2 5
 20070619 1200 1010.5 2 5
 20070620 1200 1011.6 2 5
 20070621 1200 1012.1 2 5
 20070622 1200 1012.9 2 5
 20070623 1200 1012.5 2 5
 20070624 1200 1010.8 2 5
 20070625 1200 1010.8 2 5
 20070626 1200 1011.5 2 5
 20070627 1200 1011.7 2 5
 20070628 1200 1011.2 2 5
 20070629 1200 1012.2 2 5
 20070630 1200 1012.9 2 5
 20070701 1200 1012.5 2 5
 20070702 1200 1012.3 2 5
 20070703 1200 1012.2 2 5
 20070704 1200 1011.0 2 5
 20070705 1200 1010.4 2 5
 20070706 1200 1010.8 2 5
 20070707 1200 1011.2 2 5
 20070708 1200 1011.3 2 5
 20070709 1200 1011.6 2 5
 20070710 1200 1011.8 2 5
 20070711 1200 1011.9 2 5
 20070712 1200 1012.8 2 5
 20070713 1200 1012.9 2 5
 20070714 1200 1013.0 2 5
 20070715 1200 1012.9 2 5
 20070716 1200 1013.7 2 5
 20070717 1200 1014.5 2 5
 20070718 1200 1014.4 2 5
 20070719 1200 1014.1 2 5
 20070720 1200 1013.8 2 5
 20070721 1200 1014.3 2 5
 20070722 1200 1015.1 2 5
 20070723 1200 1014.0 2 5
 20070724 1200 1013.9 2 5
 20070725 1200 1013.2 2 5
 20070726 1200 1012.6 2 5
 20070727 1200 1012.0 2 5
 20070728 1200 1011.8 2 5
 20070729 1200 1012.0 2 5
 20070730 1200 1011.8 2 5
 20070731 1200 1011.4 2 5
 20070801 1200 1011.1 2 5
 20070802 1200 1012.0 2 5
 20070803 1200 1012.7 2 5
 20070804 1200 1012.8 2 5
 20070805 1200 1013.7 2 5
 20070806 1200 1014.2 2 5
 20070807 1200 1014.2 2 5
 20070808 1200 1013.6 2 5
 20070809 1200 1013.5 2 5
 20070810 1200 1014.2 2 5
 20070811 1200 1013.3 2 5
 20070812 1200 1014.0 2 5
 20070813 1200 1014.6 2 5
 20070814 1200 1014.3 2 5
 20070815 1200 1013.4 2 5
 20070816 1200 1013.5 2 5
 20070817 1200 1013.3 2 5
 20070818 1200 1012.9 2 5
 20070819 1200 1012.8 2 5
 20070820 1200 1012.8 2 5
 20070821 1200 1012.7 2 5
 20070822 1200 1012.5 2 5
 20070823 1200 1013.4 2 5
 20070824 1200 1013.7 2 5
 20070825 1200 1014.4 2 5
 20070826 1200 1014.0 2 5
 20070827 1200 1013.9 2 5
 20070828 1200 1013.2 2 5
 20070829 1200 1014.4 2 5
 20070830 1200 1014.5 2 5
 20070831 1200 1013.8 2 5
 20070901 1200 1013.8 2 5
 20070902 1200 1013.9 2 5
 20070903 1200 1014.5 2 5
 20070904 1200 1013.7 2 5
 20070905 1200 1012.7 2 5
 20070906 1200 1013.1 2 5
 20070907 1200 1014.2 2 5
 20070908 1200 1013.8 2 5
 20070909 1200 1012.4 2 5
 20070910 1200 1011.4 2 5
 20070911 1200 1011.3 2 5
 20070912 1200 1012.1 2 5
 20070913 1200 1012.4 2 5
 20070914 1200 1012.7 2 5
 20070915 1200 1013.1 2 5
 20070916 1200 1013.1 2 5
 20070917 1200 1012.7 2 5
 20070918 1200 1012.9 2 5
 20070919 1200 1012.7 2 5
 20070920 1200 1013.0 2 5
 20070921 1200 1013.2 2 5
 20070922 1200 1014.0 2 5
 20070923 1200 1013.8 2 5
 20070924 1200 1013.9 2 5
 20070925 1200 1013.8 2 5
 20070926 1200 1013.3 2 5
 20070927 1200 1012.6 2 5
 20070928 1200 1012.1 2 5
 20070929 1200 1012.6 2 5
 20070930 1200 1013.3 2 5
 20071001 1200 1014.3 2 5
 20071002 1200 1014.5 2 5
 20071003 1200 1014.3 2 5
 20071004 1200 1013.9 2 5
 20071005 1200 1014.0 2 5
 20071006 1200 1013.8 2 5
 20071007 1200 1013.5 2 5
 20071008 1200 1012.9 2 5
 20071009 1200 1013.5 2 5
 20071010 1200 1014.6 2 5
 20071011 1200 1014.0 2 5
 20071012 1200 1013.1 2 5
 20071013 1200 1012.9 2 5
 20071014 1200 1012.6 2 5
 20071015 1200 1012.2 2 5
 20071016 1200 1012.5 2 5
 20071017 1200 1013.1 2 5
 20071018 1200 1013.9 2 5
 20071019 1200 1013.5 2 5
 20071020 1200 1013.3 2 5
 20071021 1200 1013.1 2 5
 20071022 1200 1013.1 2 5
 20071023 1200 1013.1 2 5
 20071024 1200 1013.3 2 5
 20071025 1200 1012.5 2 5
 20071026 1200 1012.6 2 5
 20071027 1200 1013.0 2 5
 20071028 1200 1013.7 2 5
 20071029 1200 1013.7 2 5
 20071030 1200 1013.7 2 5
 20071031 1200 1013.9 2 5
 20071101 1200 1013.5 2 5
 20071102 1200 1013.5 2 5
 20071103 1200 1013.9 2 5
 20071104 1200 1012.9 2 5
 20071105 1200 1011.4 2 5
 20071106 1200 1010.5 2 5
 20071107 1200 1011.1 2 5
 20071108 1200 1011.8 2 5
 20071109 1200 1012.8 2 5
 20071110 1200 1012.2 2 5
 20071111 1200 1011.6 2 5
 20071112 1200 1011.3 2 5
 20071113 1200 1010.6 2 5
 20071114 1200 1008.9 2 5
 20071115 1200 1009.1 2 5
 20071116 1200 1010.2 2 5
 20071117 1200 1010.7 2 5
 20071118 1200 1009.9 2 5
 20071119 1200 1010.3 2 5
 20071120 1200 1010.7 2 5
 20071121 1200 1011.6 2 5
 20071122 1200 1012.7 2 5
 20071123 1200 1012.6 2 5
 20071124 1200 1011.5 2 5
 20071125 1200 1011.1 2 5
 20071126 1200 1011.9 2 5
 20071127 1200 1012.9 2 5
 20071128 1200 1012.4 2 5
 20071129 1200 1013.2 2 5
 20071130 1200 1014.4 2 5
 20071201 1200 1014.1 2 5
 20071202 1200 1014.4 2 5
 20071203 1200 1015.5 2 5
 20071204 1200 1015.8 2 5
 20071205 1200 1014.1 2 5
 20071206 1200 1014.2 2 5
 20071207 1200 1015.1 2 5
 20071208 1200 1015.0 2 5
 20071209 1200 1013.3 2 5
 20071210 1200 1012.3 2 5
 20071211 1200 1012.1 2 5
 20071212 1200 1012.1 2 5
 20071213 1200 1013.4 2 5
 20071214 1200 1014.0 2 5
 20071215 1200 1013.8 2 5
 20071216 1200 1012.9 2 5
 20071217 1200 1012.8 2 5
 20071218 1200 1013.6 2 5
 20071219 1200 1013.6 2 5
 20071220 1200 1013.0 2 5
 20071221 1200 1011.6 2 5
 20071222 1200 1011.1 2 5
 20071223 1200 1011.8 2 5
 20071224 1200 1011.8 2 5
 20071225 1200 1011.8 2 5
 20071226 1200 1011.1 2 5
 20071227 1200 1010.2 2 5
