 Location:  2N  95W  26 Apr 2000 to 27 Jul 2003 ( 1188 times,  4 blocks) Gen. Date Mar  3 2014
 Units: Sea Level Pressure (hPa),  -9.90 = missing
 Time: 1200 26 Apr 2000 to 1200 20 Dec 2000 (index     1 to   239,  239 times)
 Depth (M):        -3 QUALITY and SOURCE
 YYYYMMDD HHMM    SLP Q S
 20000426 1200 1009.3 2 5
 20000427 1200 1009.5 2 5
 20000428 1200 1009.6 2 5
 20000429 1200 1010.3 2 5
 20000430 1200 1010.5 2 5
 20000501 1200 1010.1 2 5
 20000502 1200 1008.7 2 5
 20000503 1200 1008.9 2 5
 20000504 1200 1009.3 2 5
 20000505 1200 1010.6 2 5
 20000506 1200 1010.3 2 5
 20000507 1200 1010.6 2 5
 20000508 1200 1010.7 2 5
 20000509 1200 1010.6 2 5
 20000510 1200 1010.9 2 5
 20000511 1200 1011.0 2 5
 20000512 1200 1011.2 2 5
 20000513 1200 1011.1 2 5
 20000514 1200 1010.3 2 5
 20000515 1200 1010.3 2 5
 20000516 1200 1010.1 2 5
 20000517 1200 1011.5 2 5
 20000518 1200 1013.1 2 5
 20000519 1200 1014.0 2 5
 20000520 1200 1012.3 2 5
 20000521 1200 1011.9 2 5
 20000522 1200 1011.9 2 5
 20000523 1200 1012.6 2 5
 20000524 1200 1012.8 2 5
 20000525 1200 1012.1 2 5
 20000526 1200 1010.9 2 5
 20000527 1200 1010.8 2 5
 20000528 1200 1010.7 2 5
 20000529 1200 1010.9 2 5
 20000530 1200 1010.8 2 5
 20000531 1200 1011.6 2 5
 20000601 1200 1011.8 2 5
 20000602 1200 1011.8 2 5
 20000603 1200 1011.6 2 5
 20000604 1200 1011.3 2 5
 20000605 1200 1011.8 2 5
 20000606 1200 1012.6 2 5
 20000607 1200 1012.9 2 5
 20000608 1200 1012.3 2 5
 20000609 1200 1011.8 2 5
 20000610 1200 1011.3 2 5
 20000611 1200 1011.5 2 5
 20000612 1200 1011.8 2 5
 20000613 1200 1011.9 2 5
 20000614 1200 1012.3 2 5
 20000615 1200 1012.1 2 5
 20000616 1200 1011.6 2 5
 20000617 1200 1012.1 2 5
 20000618 1200 1013.2 2 5
 20000619 1200 1013.9 2 5
 20000620 1200 1013.4 2 5
 20000621 1200 1012.8 2 5
 20000622 1200 1012.6 2 5
 20000623 1200 1012.2 2 5
 20000624 1200 1012.0 2 5
 20000625 1200 1010.5 2 5
 20000626 1200 1009.2 2 5
 20000627 1200 1009.7 2 5
 20000628 1200 1010.4 2 5
 20000629 1200 1010.7 2 5
 20000630 1200 1011.0 2 5
 20000701 1200 1011.6 2 5
 20000702 1200 1011.5 2 5
 20000703 1200 1011.2 2 5
 20000704 1200 1010.8 2 5
 20000705 1200 1010.5 2 5
 20000706 1200 1010.7 2 5
 20000707 1200 1010.0 2 5
 20000708 1200 1009.6 2 5
 20000709 1200 1009.7 2 5
 20000710 1200 1010.6 2 5
 20000711 1200 1011.0 2 5
 20000712 1200 1012.1 2 5
 20000713 1200 1013.2 2 5
 20000714 1200 1013.5 2 5
 20000715 1200 1013.4 2 5
 20000716 1200 1013.2 2 5
 20000717 1200 1013.9 2 5
 20000718 1200 1014.5 2 5
 20000719 1200 1014.4 2 5
 20000720 1200 1013.4 2 5
 20000721 1200 1012.8 2 5
 20000722 1200 1012.3 2 5
 20000723 1200 1012.2 2 5
 20000724 1200 1011.6 2 5
 20000725 1200 1011.4 2 5
 20000726 1200 1010.9 2 5
 20000727 1200 1012.2 2 5
 20000728 1200 1013.3 2 5
 20000729 1200 1013.5 2 5
 20000730 1200 1013.4 2 5
 20000731 1200 1013.1 2 5
 20000801 1200 1012.9 2 5
 20000802 1200 1012.8 2 5
 20000803 1200 1013.3 2 5
 20000804 1200 1013.6 2 5
 20000805 1200 1013.5 2 5
 20000806 1200 1013.0 2 5
 20000807 1200 1012.8 2 5
 20000808 1200 1012.5 2 5
 20000809 1200 1012.5 2 5
 20000810 1200 1012.9 2 5
 20000811 1200 1013.1 2 5
 20000812 1200 1012.6 2 5
 20000813 1200 1012.1 2 5
 20000814 1200 1011.7 2 5
 20000815 1200 1012.1 2 5
 20000816 1200 1012.0 2 5
 20000817 1200 1011.5 2 5
 20000818 1200 1011.2 2 5
 20000819 1200 1011.6 2 5
 20000820 1200 1011.4 2 5
 20000821 1200 1010.9 2 5
 20000822 1200 1010.0 2 5
 20000823 1200 1010.3 2 5
 20000824 1200 1011.9 2 5
 20000825 1200 1012.0 2 5
 20000826 1200 1011.3 2 5
 20000827 1200 1011.8 2 5
 20000828 1200 1012.1 2 5
 20000829 1200 1012.7 2 5
 20000830 1200 1012.4 2 5
 20000831 1200 1011.8 2 5
 20000901 1200 1012.1 2 5
 20000902 1200 1012.3 2 5
 20000903 1200 1012.1 2 5
 20000904 1200 1012.1 2 5
 20000905 1200 1012.8 2 5
 20000906 1200 1013.1 2 5
 20000907 1200 1012.8 2 5
 20000908 1200 1012.1 2 5
 20000909 1200 1011.7 2 5
 20000910 1200 1012.1 2 5
 20000911 1200 1011.8 2 5
 20000912 1200 1012.2 2 5
 20000913 1200 1012.9 2 5
 20000914 1200 1013.6 2 5
 20000915 1200 1013.3 2 5
 20000916 1200 1013.0 2 5
 20000917 1200 1012.8 2 5
 20000918 1200 1013.0 2 5
 20000919 1200 1013.4 2 5
 20000920 1200 1013.1 2 5
 20000921 1200 1012.1 2 5
 20000922 1200 1012.3 2 5
 20000923 1200 1013.1 2 5
 20000924 1200 1013.0 2 5
 20000925 1200 1012.2 2 5
 20000926 1200 1012.2 2 5
 20000927 1200 1013.8 2 5
 20000928 1200 1014.4 2 5
 20000929 1200 1013.4 2 5
 20000930 1200 1013.2 2 5
 20001001 1200 1013.3 2 5
 20001002 1200 1013.5 2 5
 20001003 1200 1013.3 2 5
 20001004 1200 1012.2 2 5
 20001005 1200 1011.5 2 5
 20001006 1200 1011.0 2 5
 20001007 1200 1010.9 2 5
 20001008 1200 1011.0 2 5
 20001009 1200 1010.8 2 5
 20001010 1200 1010.6 2 5
 20001011 1200 1010.8 2 5
 20001012 1200 1011.8 2 5
 20001013 1200 1012.6 2 5
 20001014 1200 1012.9 2 5
 20001015 1200 1012.3 2 5
 20001016 1200 1011.8 2 5
 20001017 1200 1011.0 2 5
 20001018 1200 1011.1 2 5
 20001019 1200 1011.9 2 5
 20001020 1200 1012.6 2 5
 20001021 1200 1012.3 2 5
 20001022 1200 1011.7 2 5
 20001023 1200 1012.0 2 5
 20001024 1200 1012.3 2 5
 20001025 1200 1011.6 2 5
 20001026 1200 1011.2 2 5
 20001027 1200 1011.8 2 5
 20001028 1200 1012.8 2 5
 20001029 1200 1012.8 2 5
 20001030 1200 1012.8 2 5
 20001031 1200 1012.8 2 5
 20001101 1200 1012.9 2 5
 20001102 1200 1012.6 2 5
 20001103 1200 1011.6 2 5
 20001104 1200 1011.0 2 5
 20001105 1200 1011.2 2 5
 20001106 1200 1012.1 2 5
 20001107 1200 1012.5 2 5
 20001108 1200   -9.9 0 0
 20001109 1200 1010.9 2 1
 20001110 1200 1011.6 2 1
 20001111 1200 1012.3 2 1
 20001112 1200 1012.7 2 1
 20001113 1200   -9.9 0 0
 20001114 1200 1012.4 2 1
 20001115 1200 1011.3 2 1
 20001116 1200 1011.2 2 1
 20001117 1200 1011.3 2 1
 20001118 1200 1012.4 2 1
 20001119 1200 1012.0 2 1
 20001120 1200 1011.3 2 1
 20001121 1200 1011.6 2 1
 20001122 1200 1011.9 2 1
 20001123 1200 1012.3 2 1
 20001124 1200 1011.5 2 1
 20001125 1200 1010.5 2 1
 20001126 1200 1010.3 2 1
 20001127 1200 1011.2 2 1
 20001128 1200 1011.9 2 1
 20001129 1200 1012.0 2 1
 20001130 1200 1011.7 2 1
 20001201 1200 1012.0 2 1
 20001202 1200 1012.4 2 1
 20001203 1200 1012.4 2 1
 20001204 1200 1011.6 2 1
 20001205 1200 1011.4 2 1
 20001206 1200 1011.1 2 1
 20001207 1200 1011.5 2 1
 20001208 1200 1011.9 2 1
 20001209 1200 1011.7 2 1
 20001210 1200 1011.4 2 1
 20001211 1200 1009.9 2 1
 20001212 1200 1009.8 2 1
 20001213 1200 1011.0 2 1
 20001214 1200 1012.9 2 1
 20001215 1200 1013.5 2 1
 20001216 1200 1012.0 2 1
 20001217 1200 1012.5 2 1
 20001218 1200 1011.0 2 1
 20001219 1200 1011.2 2 1
 20001220 1200 1010.6 2 1
 Time: 1200 24 Apr 2001 to 1200 11 Jun 2001 (index   364 to   412,   49 times)
 Depth (M):        -3 QUALITY and SOURCE
 YYYYMMDD HHMM    SLP Q S
 20010424 1200 1009.1 2 1
 20010425 1200 1009.5 2 1
 20010426 1200 1009.4 2 1
 20010427 1200 1008.8 2 1
 20010428 1200 1009.4 2 1
 20010429 1200 1009.9 2 1
 20010430 1200 1010.0 2 1
 20010501 1200 1010.0 2 1
 20010502 1200 1009.7 2 1
 20010503 1200 1011.1 2 1
 20010504 1200 1011.1 2 1
 20010505 1200 1009.9 2 1
 20010506 1200 1009.0 2 1
 20010507 1200 1009.9 2 1
 20010508 1200 1011.1 2 1
 20010509 1200 1011.1 2 1
 20010510 1200 1010.6 2 1
 20010511 1200 1009.8 2 1
 20010512 1200 1010.8 2 1
 20010513 1200 1011.5 2 1
 20010514 1200 1012.0 2 1
 20010515 1200 1012.0 2 1
 20010516 1200 1011.0 2 1
 20010517 1200 1010.4 2 1
 20010518 1200 1011.6 2 1
 20010519 1200 1012.0 2 1
 20010520 1200 1011.9 2 1
 20010521 1200 1011.4 2 1
 20010522 1200 1012.0 2 1
 20010523 1200 1011.7 2 1
 20010524 1200 1012.9 2 1
 20010525 1200 1013.9 2 1
 20010526 1200 1012.8 2 1
 20010527 1200 1011.4 2 1
 20010528 1200 1011.1 2 1
 20010529 1200 1011.8 2 1
 20010530 1200 1012.8 2 1
 20010531 1200 1012.8 2 1
 20010601 1200 1013.1 2 1
 20010602 1200 1013.4 2 1
 20010603 1200 1012.3 2 1
 20010604 1200 1011.9 2 1
 20010605 1200 1011.7 2 1
 20010606 1200 1011.6 2 1
 20010607 1200 1011.0 2 1
 20010608 1200 1010.6 2 1
 20010609 1200 1011.3 2 1
 20010610 1200 1012.4 2 1
 20010611 1200 1012.6 2 1
 Time: 1200  4 Oct 2001 to 1200  2 May 2002 (index   527 to   737,  211 times)
 Depth (M):        -3 QUALITY and SOURCE
 YYYYMMDD HHMM    SLP Q S
 20011004 1200 1012.7 2 5
 20011005 1200 1012.5 2 5
 20011006 1200 1012.9 2 5
 20011007 1200 1012.0 2 5
 20011008 1200 1011.4 2 5
 20011009 1200 1011.8 2 5
 20011010 1200 1012.1 2 5
 20011011 1200 1011.7 2 5
 20011012 1200 1010.8 2 5
 20011013 1200 1010.9 2 5
 20011014 1200 1011.4 2 5
 20011015 1200 1011.3 2 5
 20011016 1200 1011.5 2 5
 20011017 1200 1012.1 2 5
 20011018 1200 1011.8 2 5
 20011019 1200 1011.2 2 5
 20011020 1200 1012.1 2 5
 20011021 1200 1012.7 2 5
 20011022 1200 1013.6 2 5
 20011023 1200 1013.0 2 5
 20011024 1200 1012.3 2 5
 20011025 1200 1012.1 2 5
 20011026 1200 1013.3 2 5
 20011027 1200 1013.6 2 5
 20011028 1200 1013.5 2 5
 20011029 1200 1013.8 2 5
 20011030 1200 1014.1 2 5
 20011031 1200 1014.6 2 5
 20011101 1200 1014.2 2 5
 20011102 1200 1013.4 2 5
 20011103 1200 1012.9 2 5
 20011104 1200 1011.9 2 5
 20011105 1200 1010.5 2 5
 20011106 1200 1011.6 2 5
 20011107 1200 1013.4 2 5
 20011108 1200 1013.8 2 5
 20011109 1200 1013.6 2 5
 20011110 1200 1013.0 2 5
 20011111 1200 1012.3 2 5
 20011112 1200 1013.2 2 5
 20011113 1200 1013.6 2 5
 20011114 1200 1012.5 2 5
 20011115 1200 1011.5 2 5
 20011116 1200 1011.3 2 5
 20011117 1200 1011.9 2 5
 20011118 1200 1012.4 2 5
 20011119 1200 1013.1 2 5
 20011120 1200 1012.4 2 5
 20011121 1200 1011.6 2 5
 20011122 1200 1011.8 2 5
 20011123 1200 1011.7 2 5
 20011124 1200 1011.1 2 5
 20011125 1200 1011.7 2 5
 20011126 1200 1012.2 2 5
 20011127 1200 1011.7 2 5
 20011128 1200 1012.1 2 5
 20011129 1200 1012.5 2 5
 20011130 1200 1011.4 2 5
 20011201 1200 1011.5 2 5
 20011202 1200 1011.4 2 5
 20011203 1200 1010.9 2 5
 20011204 1200 1010.6 2 5
 20011205 1200 1010.0 2 5
 20011206 1200 1009.8 2 5
 20011207 1200 1009.8 2 5
 20011208 1200 1009.8 2 5
 20011209 1200 1009.2 2 5
 20011210 1200 1008.3 2 5
 20011211 1200 1008.7 2 5
 20011212 1200 1010.5 2 5
 20011213 1200 1011.0 2 5
 20011214 1200 1009.1 2 5
 20011215 1200 1008.5 2 5
 20011216 1200 1009.8 2 5
 20011217 1200 1011.2 2 5
 20011218 1200 1010.6 2 5
 20011219 1200 1010.5 2 5
 20011220 1200 1011.4 2 5
 20011221 1200 1011.5 2 5
 20011222 1200 1011.1 2 5
 20011223 1200 1011.0 2 5
 20011224 1200 1012.0 2 5
 20011225 1200 1012.0 2 5
 20011226 1200 1011.8 2 5
 20011227 1200 1011.1 2 5
 20011228 1200 1011.2 2 5
 20011229 1200 1012.1 2 5
 20011230 1200 1012.4 2 5
 20011231 1200 1012.4 2 5
 20020101 1200 1011.9 2 5
 20020102 1200 1012.3 2 5
 20020103 1200 1013.4 2 5
 20020104 1200 1013.2 2 5
 20020105 1200 1013.4 2 5
 20020106 1200 1013.6 2 5
 20020107 1200 1013.8 2 5
 20020108 1200 1013.8 2 5
 20020109 1200 1013.1 2 5
 20020110 1200 1012.8 2 5
 20020111 1200 1012.4 2 5
 20020112 1200 1012.0 2 5
 20020113 1200 1011.9 2 5
 20020114 1200 1011.3 2 5
 20020115 1200 1010.8 2 5
 20020116 1200 1011.3 2 5
 20020117 1200 1010.6 2 5
 20020118 1200 1010.4 2 5
 20020119 1200 1010.3 2 5
 20020120 1200 1010.5 2 5
 20020121 1200 1010.8 2 5
 20020122 1200 1010.4 2 5
 20020123 1200 1010.5 2 5
 20020124 1200 1010.3 2 5
 20020125 1200 1009.6 2 5
 20020126 1200 1009.1 2 5
 20020127 1200 1008.6 2 5
 20020128 1200 1008.1 2 5
 20020129 1200 1008.0 2 5
 20020130 1200 1008.7 2 5
 20020131 1200 1009.4 2 5
 20020201 1200 1009.5 2 5
 20020202 1200 1009.7 2 5
 20020203 1200 1011.4 2 5
 20020204 1200 1012.8 2 5
 20020205 1200 1012.7 2 5
 20020206 1200 1012.0 2 5
 20020207 1200 1011.7 2 5
 20020208 1200 1011.9 2 5
 20020209 1200 1011.3 2 5
 20020210 1200 1010.8 2 5
 20020211 1200 1010.4 2 5
 20020212 1200 1010.7 2 5
 20020213 1200 1010.8 2 5
 20020214 1200 1010.4 2 5
 20020215 1200 1010.2 2 5
 20020216 1200 1010.5 2 5
 20020217 1200 1010.3 2 5
 20020218 1200 1010.1 2 5
 20020219 1200 1010.3 2 5
 20020220 1200 1010.3 2 5
 20020221 1200 1010.5 2 5
 20020222 1200 1009.3 2 5
 20020223 1200 1008.9 2 5
 20020224 1200 1010.6 2 5
 20020225 1200 1011.5 2 5
 20020226 1200 1010.9 2 5
 20020227 1200 1010.3 2 5
 20020228 1200 1009.2 2 5
 20020301 1200 1008.3 2 5
 20020302 1200 1009.4 2 5
 20020303 1200 1010.9 2 5
 20020304 1200 1011.6 2 5
 20020305 1200 1011.2 2 5
 20020306 1200 1010.8 2 5
 20020307 1200 1009.8 2 5
 20020308 1200 1009.2 2 5
 20020309 1200 1009.8 2 5
 20020310 1200 1010.7 2 5
 20020311 1200 1010.5 2 5
 20020312 1200 1010.8 2 5
 20020313 1200 1010.8 2 5
 20020314 1200 1010.1 2 5
 20020315 1200 1009.8 2 5
 20020316 1200 1009.3 2 5
 20020317 1200 1009.2 2 5
 20020318 1200 1009.3 2 5
 20020319 1200 1009.1 2 5
 20020320 1200 1009.5 2 5
 20020321 1200 1009.8 2 5
 20020322 1200 1010.0 2 5
 20020323 1200 1009.1 2 5
 20020324 1200 1008.7 2 5
 20020325 1200 1007.7 2 5
 20020326 1200 1007.7 2 5
 20020327 1200 1008.3 2 5
 20020328 1200   -9.9 0 0
 20020329 1200 1009.1 2 1
 20020330 1200 1007.9 2 1
 20020331 1200 1007.2 2 1
 20020401 1200 1008.1 2 1
 20020402 1200 1008.6 2 1
 20020403 1200 1008.8 2 1
 20020404 1200 1009.4 2 1
 20020405 1200 1009.7 2 1
 20020406 1200 1009.7 2 1
 20020407 1200 1010.6 2 1
 20020408 1200 1010.8 2 1
 20020409 1200 1012.0 2 1
 20020410 1200 1012.4 2 1
 20020411 1200 1011.8 2 1
 20020412 1200 1011.5 2 1
 20020413 1200 1010.8 2 1
 20020414 1200 1010.1 2 1
 20020415 1200 1009.2 2 1
 20020416 1200 1009.3 2 1
 20020417 1200 1009.9 2 1
 20020418 1200 1010.0 2 1
 20020419 1200 1009.6 2 1
 20020420 1200 1009.0 2 1
 20020421 1200 1007.9 2 1
 20020422 1200 1008.5 2 1
 20020423 1200 1009.8 2 1
 20020424 1200 1010.7 2 1
 20020425 1200 1010.9 2 1
 20020426 1200 1010.5 2 1
 20020427 1200 1010.2 2 1
 20020428 1200 1009.7 2 1
 20020429 1200 1010.0 2 1
 20020430 1200 1010.0 2 1
 20020501 1200 1009.5 2 1
 20020502 1200 1008.8 2 1
 Time: 1200 18 Oct 2002 to 1200 27 Jul 2003 (index   906 to  1188,  283 times)
 Depth (M):        -3 QUALITY and SOURCE
 YYYYMMDD HHMM    SLP Q S
 20021018 1200 1011.1 2 5
 20021019 1200 1010.2 2 5
 20021020 1200 1010.4 2 5
 20021021 1200 1011.0 2 5
 20021022 1200 1012.2 2 5
 20021023 1200 1012.7 2 5
 20021024 1200 1012.6 2 5
 20021025 1200 1011.4 2 5
 20021026 1200 1011.8 2 5
 20021027 1200 1012.2 2 5
 20021028 1200 1012.6 2 5
 20021029 1200 1012.2 2 5
 20021030 1200 1011.6 2 5
 20021031 1200 1010.8 2 5
 20021101 1200 1011.4 2 5
 20021102 1200 1012.2 2 5
 20021103 1200 1012.6 2 5
 20021104 1200 1012.8 2 5
 20021105 1200 1013.1 2 5
 20021106 1200 1013.3 2 5
 20021107 1200 1013.5 2 5
 20021108 1200 1012.6 2 5
 20021109 1200 1012.3 2 5
 20021110 1200 1011.4 2 5
 20021111 1200 1011.1 2 5
 20021112 1200 1012.1 2 5
 20021113 1200 1011.9 2 5
 20021114 1200 1010.7 2 5
 20021115 1200 1009.6 2 5
 20021116 1200 1009.6 2 5
 20021117 1200 1011.3 2 5
 20021118 1200 1011.7 2 5
 20021119 1200 1010.1 2 5
 20021120 1200 1008.8 2 5
 20021121 1200 1009.9 2 5
 20021122 1200 1010.5 2 5
 20021123 1200 1011.1 2 5
 20021124 1200 1011.2 2 5
 20021125 1200 1009.7 2 5
 20021126 1200 1009.5 2 5
 20021127 1200 1008.9 2 5
 20021128 1200 1008.6 2 5
 20021129 1200 1009.8 2 5
 20021130 1200 1009.9 2 5
 20021201 1200 1009.6 2 5
 20021202 1200 1007.9 2 5
 20021203 1200 1008.0 2 5
 20021204 1200 1009.1 2 5
 20021205 1200 1010.5 2 5
 20021206 1200 1011.0 2 5
 20021207 1200 1011.3 2 5
 20021208 1200 1012.1 2 5
 20021209 1200 1011.8 2 5
 20021210 1200 1011.6 2 5
 20021211 1200 1010.9 2 5
 20021212 1200 1011.0 2 5
 20021213 1200 1010.8 2 5
 20021214 1200 1011.7 2 5
 20021215 1200 1013.2 2 5
 20021216 1200 1013.5 2 5
 20021217 1200 1012.4 2 5
 20021218 1200 1011.5 2 5
 20021219 1200 1011.8 2 5
 20021220 1200 1011.9 2 5
 20021221 1200 1011.6 2 5
 20021222 1200 1011.3 2 5
 20021223 1200 1010.7 2 5
 20021224 1200 1010.6 2 5
 20021225 1200 1011.0 2 5
 20021226 1200 1011.7 2 5
 20021227 1200 1011.3 2 5
 20021228 1200 1010.1 2 5
 20021229 1200 1010.2 2 5
 20021230 1200 1010.2 2 5
 20021231 1200 1010.6 2 5
 20030101 1200 1009.3 2 5
 20030102 1200 1008.9 2 5
 20030103 1200 1009.7 2 5
 20030104 1200 1009.7 2 5
 20030105 1200 1009.6 2 5
 20030106 1200 1008.7 2 5
 20030107 1200 1009.8 2 5
 20030108 1200 1010.3 2 5
 20030109 1200 1009.9 2 5
 20030110 1200 1009.8 2 5
 20030111 1200 1009.9 2 5
 20030112 1200 1010.5 2 5
 20030113 1200 1011.2 2 5
 20030114 1200 1011.2 2 5
 20030115 1200 1011.0 2 5
 20030116 1200 1010.5 2 5
 20030117 1200 1010.8 2 5
 20030118 1200 1012.3 2 5
 20030119 1200 1013.7 2 5
 20030120 1200 1013.2 2 5
 20030121 1200 1011.5 2 5
 20030122 1200 1010.2 2 5
 20030123 1200 1010.5 2 5
 20030124 1200 1010.5 2 5
 20030125 1200 1010.6 2 5
 20030126 1200 1009.4 2 5
 20030127 1200 1009.4 2 5
 20030128 1200 1009.6 2 5
 20030129 1200 1009.3 2 5
 20030130 1200 1010.8 2 5
 20030131 1200 1010.9 2 5
 20030201 1200 1010.7 2 5
 20030202 1200 1009.7 2 5
 20030203 1200 1008.6 2 5
 20030204 1200 1007.9 2 5
 20030205 1200 1007.7 2 5
 20030206 1200 1007.3 2 5
 20030207 1200 1008.9 2 5
 20030208 1200 1010.2 2 5
 20030209 1200 1010.4 2 5
 20030210 1200 1009.4 2 5
 20030211 1200 1009.2 2 5
 20030212 1200 1009.3 2 5
 20030213 1200 1009.9 2 5
 20030214 1200 1010.3 2 5
 20030215 1200 1009.4 2 5
 20030216 1200 1009.2 2 5
 20030217 1200 1009.7 2 5
 20030218 1200 1010.3 2 5
 20030219 1200 1011.5 2 5
 20030220 1200 1010.9 2 5
 20030221 1200 1009.6 2 5
 20030222 1200 1009.0 2 5
 20030223 1200 1009.6 2 5
 20030224 1200 1010.5 2 5
 20030225 1200 1011.3 2 5
 20030226 1200 1011.3 2 5
 20030227 1200 1011.4 2 5
 20030228 1200 1010.5 2 5
 20030301 1200 1009.7 2 5
 20030302 1200 1009.2 2 5
 20030303 1200 1008.6 2 5
 20030304 1200 1007.8 2 5
 20030305 1200 1007.6 2 5
 20030306 1200 1007.7 2 5
 20030307 1200 1006.8 2 5
 20030308 1200 1006.8 2 5
 20030309 1200 1006.5 2 5
 20030310 1200 1006.8 2 5
 20030311 1200 1007.1 2 5
 20030312 1200 1007.9 2 5
 20030313 1200 1009.5 2 5
 20030314 1200 1010.2 2 5
 20030315 1200 1011.3 2 5
 20030316 1200 1011.8 2 5
 20030317 1200 1011.7 2 5
 20030318 1200 1012.2 2 5
 20030319 1200 1011.5 2 5
 20030320 1200 1012.1 2 5
 20030321 1200 1011.2 2 5
 20030322 1200 1010.3 2 5
 20030323 1200 1009.7 2 5
 20030324 1200 1010.8 2 5
 20030325 1200 1011.4 2 5
 20030326 1200 1011.2 2 5
 20030327 1200 1010.2 2 5
 20030328 1200 1010.5 2 5
 20030329 1200 1011.1 2 5
 20030330 1200 1011.0 2 5
 20030331 1200 1010.4 2 5
 20030401 1200 1009.0 2 5
 20030402 1200 1008.2 2 5
 20030403 1200 1009.8 2 5
 20030404 1200 1009.1 2 5
 20030405 1200 1009.1 2 5
 20030406 1200 1008.4 2 5
 20030407 1200 1008.4 2 5
 20030408 1200 1009.4 2 5
 20030409 1200 1010.0 2 5
 20030410 1200 1009.7 2 5
 20030411 1200 1010.2 2 5
 20030412 1200 1012.1 2 5
 20030413 1200 1013.5 2 5
 20030414 1200 1014.0 2 5
 20030415 1200 1012.8 2 5
 20030416 1200 1011.6 2 5
 20030417 1200 1010.6 2 5
 20030418 1200 1010.6 2 5
 20030419 1200 1010.4 2 5
 20030420 1200 1010.3 2 5
 20030421 1200 1010.6 2 5
 20030422 1200 1011.2 2 5
 20030423 1200 1011.3 2 5
 20030424 1200 1011.6 2 5
 20030425 1200 1011.5 2 5
 20030426 1200 1011.6 2 5
 20030427 1200 1011.3 2 5
 20030428 1200 1011.6 2 5
 20030429 1200 1011.8 2 5
 20030430 1200 1011.0 2 5
 20030501 1200 1011.7 2 5
 20030502 1200 1012.4 2 5
 20030503 1200 1011.8 2 5
 20030504 1200 1011.2 2 5
 20030505 1200 1010.7 2 5
 20030506 1200 1010.9 2 5
 20030507 1200 1011.0 2 5
 20030508 1200 1011.5 2 5
 20030509 1200 1011.4 2 5
 20030510 1200 1011.4 2 5
 20030511 1200 1011.6 2 5
 20030512 1200 1011.4 2 5
 20030513 1200 1010.2 2 5
 20030514 1200 1010.1 2 5
 20030515 1200 1009.6 2 5
 20030516 1200 1010.2 2 5
 20030517 1200 1011.3 2 5
 20030518 1200 1011.6 2 5
 20030519 1200 1011.5 2 5
 20030520 1200 1011.4 2 5
 20030521 1200 1010.8 2 5
 20030522 1200 1010.6 2 5
 20030523 1200 1011.3 2 5
 20030524 1200 1011.2 2 5
 20030525 1200 1011.4 2 5
 20030526 1200 1012.1 2 5
 20030527 1200 1012.6 2 5
 20030528 1200 1013.0 2 5
 20030529 1200 1012.4 2 5
 20030530 1200 1011.9 2 5
 20030531 1200 1012.5 2 5
 20030601 1200 1013.6 2 5
 20030602 1200 1013.2 2 5
 20030603 1200 1011.9 2 5
 20030604 1200 1012.0 2 5
 20030605 1200 1012.3 2 5
 20030606 1200 1012.3 2 5
 20030607 1200 1011.4 2 5
 20030608 1200 1011.4 2 5
 20030609 1200 1011.5 2 5
 20030610 1200 1013.4 2 5
 20030611 1200 1013.6 2 5
 20030612 1200 1012.4 2 5
 20030613 1200 1011.6 2 5
 20030614 1200 1011.8 2 5
 20030615 1200 1012.2 2 5
 20030616 1200 1012.9 2 5
 20030617 1200 1012.6 2 5
 20030618 1200 1012.1 2 5
 20030619 1200 1011.7 2 5
 20030620 1200 1012.2 2 5
 20030621 1200 1013.3 2 5
 20030622 1200 1013.1 2 5
 20030623 1200 1011.9 2 5
 20030624 1200 1011.6 2 5
 20030625 1200 1010.7 2 5
 20030626 1200 1010.9 2 5
 20030627 1200 1011.4 2 5
 20030628 1200 1012.0 2 5
 20030629 1200 1012.8 2 5
 20030630 1200 1013.5 2 5
 20030701 1200 1012.5 2 5
 20030702 1200 1011.3 2 5
 20030703 1200 1011.4 2 5
 20030704 1200 1012.3 2 5
 20030705 1200 1012.9 2 5
 20030706 1200 1012.1 2 5
 20030707 1200 1011.8 2 5
 20030708 1200 1013.5 2 5
 20030709 1200 1013.4 2 5
 20030710 1200 1012.1 2 5
 20030711 1200 1011.7 2 5
 20030712 1200 1012.4 2 5
 20030713 1200 1011.8 2 5
 20030714 1200 1012.5 2 5
 20030715 1200 1012.0 2 5
 20030716 1200 1012.4 2 5
 20030717 1200 1013.5 2 5
 20030718 1200 1012.8 2 5
 20030719 1200 1012.2 2 5
 20030720 1200 1011.3 2 5
 20030721 1200 1010.8 2 5
 20030722 1200 1011.7 2 5
 20030723 1200 1012.1 2 5
 20030724 1200 1012.4 2 5
 20030725 1200 1012.5 2 5
 20030726 1200 1013.1 2 5
 20030727 1200 1013.0 2 5
