 Location:  0N 156E  16 Sep 1991 to 16 Jan 2014 (  269 times,  4 blocks) Gen. Date Feb 16 2014
 Units: Air Temperature (C), -9.99 = missing
 Time: 1200 16 Sep 1991 to 1200 16 Jun 1994 (index     1 to    34,   34 times)
 Depth (M):       -3 QUALITY
 YYYYMMDD HHMM  AIRT Q
 19910916 1200 27.80 2
 19911016 1200 -9.99 0
 19911116 1200 -9.99 0
 19911216 1200 -9.99 0
 19920116 1200 -9.99 0
 19920215 1200 -9.99 0
 19920316 1200 28.20 2
 19920416 1200 28.20 2
 19920516 1200 28.20 2
 19920616 1200 28.28 2
 19920716 1200 28.18 2
 19920816 1200 28.39 2
 19920916 1200 28.00 2
 19921016 1200 27.82 2
 19921116 1200 27.99 2
 19921216 1200 27.61 2
 19930116 1200 -9.99 0
 19930215 1200 27.70 2
 19930316 1200 27.87 2
 19930416 1200 27.85 2
 19930516 1200 28.11 2
 19930616 1200 27.64 2
 19930716 1200 27.90 2
 19930816 1200 27.34 2
 19930916 1200 27.64 2
 19931016 1200 -9.99 0
 19931116 1200 -9.99 0
 19931216 1200 -9.99 0
 19940116 1200 28.22 2
 19940215 1200 27.79 2
 19940316 1200 28.45 2
 19940416 1200 27.67 2
 19940516 1200 28.39 2
 19940616 1200 28.10 2
 Time: 1200 16 Aug 1995 to 1200 16 Sep 1999 (index    48 to    97,   50 times)
 Depth (M):       -3 QUALITY
 YYYYMMDD HHMM  AIRT Q
 19950816 1200 28.71 4
 19950916 1200 28.45 4
 19951016 1200 28.61 4
 19951116 1200 28.74 4
 19951216 1200 28.92 4
 19960116 1200 29.17 4
 19960215 1200 28.64 4
 19960316 1200 28.36 4
 19960416 1200 28.29 4
 19960516 1200 28.20 4
 19960616 1200 28.52 4
 19960716 1200 28.23 4
 19960816 1200 28.88 1
 19960916 1200 29.01 1
 19961016 1200 28.84 1
 19961116 1200 28.76 1
 19961216 1200 28.72 1
 19970116 1200 28.27 1
 19970215 1200 28.20 1
 19970316 1200 28.96 1
 19970416 1200 28.34 1
 19970516 1200 28.39 1
 19970616 1200 28.28 1
 19970716 1200 27.70 1
 19970816 1200 27.93 1
 19970916 1200 27.93 1
 19971016 1200 27.96 1
 19971116 1200 28.23 1
 19971216 1200 28.32 1
 19980116 1200 28.12 1
 19980215 1200 27.67 1
 19980316 1200 27.85 1
 19980416 1200 27.57 1
 19980516 1200 28.06 1
 19980616 1200 28.02 1
 19980716 1200 -9.99 0
 19980816 1200 -9.99 0
 19980916 1200 28.40 2
 19981016 1200 28.29 2
 19981116 1200 28.37 2
 19981216 1200 28.69 2
 19990116 1200 28.71 2
 19990215 1200 27.57 2
 19990316 1200 27.66 2
 19990416 1200 27.86 2
 19990516 1200 28.13 2
 19990616 1200 28.23 2
 19990716 1200 28.03 2
 19990816 1200 28.02 2
 19990916 1200 28.52 2
 Time: 1200 16 Nov 1999 to 1200 16 Nov 2006 (index    99 to   183,   85 times)
 Depth (M):     -2.2 QUALITY
 YYYYMMDD HHMM  AIRT Q
 19991116 1200 28.51 1
 19991216 1200 28.43 1
 20000116 1200 28.45 1
 20000215 1200 28.38 1
 20000316 1200 27.89 2
 20000416 1200 -9.99 0
 20000516 1200 -9.99 0
 20000616 1200 -9.99 0
 20000716 1200 -9.99 0
 20000816 1200 -9.99 0
 20000916 1200 28.69 1
 20001016 1200 28.68 1
 20001116 1200 28.78 1
 20001216 1200 28.98 1
 20010116 1200 29.14 1
 20010215 1200 28.37 1
 20010316 1200 28.55 1
 20010416 1200 28.34 1
 20010516 1200 28.11 1
 20010616 1200 28.43 1
 20010716 1200 27.97 1
 20010816 1200 28.07 1
 20010916 1200 28.83 1
 20011016 1200 28.93 1
 20011116 1200 29.09 1
 20011216 1200 28.45 1
 20020116 1200 28.53 1
 20020215 1200 28.97 1
 20020316 1200 27.97 1
 20020416 1200 28.18 1
 20020516 1200 28.54 1
 20020616 1200 28.30 1
 20020716 1200 28.03 1
 20020816 1200 28.22 1
 20020916 1200 28.19 1
 20021016 1200 28.38 1
 20021116 1200 28.44 1
 20021216 1200 28.60 1
 20030116 1200 28.27 2
 20030215 1200 28.24 2
 20030316 1200 28.18 2
 20030416 1200 28.81 2
 20030516 1200 29.00 2
 20030616 1200 28.44 2
 20030716 1200 28.39 2
 20030816 1200 28.25 2
 20030916 1200 28.35 2
 20031016 1200 28.96 2
 20031116 1200 -9.99 0
 20031216 1200 -9.99 0
 20040116 1200 -9.99 0
 20040215 1200 28.79 1
 20040316 1200 28.30 1
 20040416 1200 28.84 1
 20040516 1200 28.61 1
 20040616 1200 27.88 1
 20040716 1200 28.09 1
 20040816 1200 27.92 1
 20040916 1200 28.16 1
 20041016 1200 28.65 1
 20041116 1200 28.68 1
 20041216 1200 28.75 1
 20050116 1200 28.35 1
 20050215 1200 28.77 1
 20050316 1200 28.26 1
 20050416 1200 27.83 1
 20050516 1200 28.27 1
 20050616 1200 27.35 1
 20050716 1200 27.96 1
 20050816 1200 27.75 1
 20050916 1200 27.91 1
 20051016 1200 28.32 1
 20051116 1200 28.73 1
 20051216 1200 28.74 1
 20060116 1200 -9.99 0
 20060215 1200 -9.99 0
 20060316 1200 28.54 2
 20060416 1200 28.39 2
 20060516 1200 28.95 2
 20060616 1200 28.44 2
 20060716 1200 28.07 2
 20060816 1200 27.79 2
 20060916 1200 27.98 2
 20061016 1200 28.33 2
 20061116 1200 28.58 2
 Time: 1200 16 Jul 2007 to 1200 16 Jan 2014 (index   191 to   269,   79 times)
 Depth (M):     -2.2 QUALITY
 YYYYMMDD HHMM  AIRT Q
 20070716 1200 28.35 1
 20070816 1200 29.01 1
 20070916 1200 28.84 1
 20071016 1200 28.95 1
 20071116 1200 28.27 1
 20071216 1200 28.87 1
 20080116 1200 28.05 1
 20080215 1200 27.96 1
 20080316 1200 27.46 1
 20080416 1200 27.93 1
 20080516 1200 28.26 1
 20080616 1200 27.80 1
 20080716 1200 28.32 1
 20080816 1200 28.23 1
 20080916 1200 28.59 1
 20081016 1200 29.01 1
 20081116 1200 28.55 1
 20081216 1200 28.48 1
 20090116 1200 28.67 1
 20090215 1200 28.26 1
 20090316 1200 28.24 1
 20090416 1200 28.83 1
 20090516 1200 28.75 1
 20090616 1200 28.19 1
 20090716 1200 28.05 1
 20090816 1200 28.67 1
 20090916 1200 28.32 1
 20091016 1200 28.41 1
 20091116 1200 28.73 1
 20091216 1200 28.51 1
 20100116 1200 28.49 1
 20100215 1200 28.84 1
 20100316 1200 28.55 1
 20100416 1200 28.67 1
 20100516 1200 29.03 1
 20100616 1200 29.04 1
 20100716 1200 28.78 1
 20100816 1200 28.34 1
 20100916 1200 28.19 1
 20101016 1200 28.20 1
 20101116 1200 28.06 1
 20101216 1200 27.80 2
 20110116 1200 27.98 2
 20110215 1200 28.32 2
 20110316 1200 28.51 2
 20110416 1200 28.63 2
 20110516 1200 28.62 2
 20110616 1200 28.15 2
 20110716 1200 27.87 2
 20110816 1200 28.08 2
 20110916 1200 27.88 2
 20111016 1200 28.20 2
 20111116 1200 28.66 2
 20111216 1200 28.42 2
 20120116 1200 28.04 2
 20120215 1200 28.05 2
 20120316 1200 -9.99 0
 20120416 1200 -9.99 0
 20120516 1200 -9.99 0
 20120616 1200 -9.99 0
 20120716 1200 -9.99 0
 20120816 1200 27.88 2
 20120916 1200 27.88 2
 20121016 1200 28.29 2
 20121116 1200 28.73 2
 20121216 1200 28.61 2
 20130116 1200 28.53 2
 20130215 1200 28.12 2
 20130316 1200 28.29 2
 20130416 1200 28.23 2
 20130516 1200 28.48 2
 20130616 1200 28.40 2
 20130716 1200 28.46 2
 20130816 1200 28.47 2
 20130916 1200 28.60 2
 20131016 1200 28.62 2
 20131116 1200 28.77 2
 20131216 1200 28.54 2
 20140116 1200 28.10 2
