 Location:  0N 165E  16 May 1986 to 16 Dec 2012 (  320 times,  6 blocks) Gen. Date Feb 16 2014
 Units: Air Temperature (C), -9.99 = missing
 Time: 1200 16 May 1986 to 1200 16 May 1986 (index     1 to     1,    1 times)
 Depth (M):       -3 QUALITY
 YYYYMMDD HHMM  AIRT Q
 19860516 1200 28.36 2
 Time: 1200 16 Dec 1986 to 1200 16 Sep 1990 (index     8 to    53,   46 times)
 Depth (M):       -3 QUALITY
 YYYYMMDD HHMM  AIRT Q
 19861216 1200 28.01 2
 19870116 1200 28.18 2
 19870215 1200 27.84 2
 19870316 1200 28.13 2
 19870416 1200 27.80 2
 19870516 1200 27.96 2
 19870616 1200 27.86 2
 19870716 1200 27.71 2
 19870816 1200 27.01 2
 19870916 1200 28.29 2
 19871016 1200 28.72 2
 19871116 1200 29.02 2
 19871216 1200 28.16 2
 19880116 1200 -9.99 0
 19880215 1200 -9.99 0
 19880316 1200 -9.99 0
 19880416 1200 -9.99 0
 19880516 1200 -9.99 0
 19880616 1200 27.98 2
 19880716 1200 -9.99 0
 19880816 1200 -9.99 0
 19880916 1200 -9.99 0
 19881016 1200 -9.99 0
 19881116 1200 27.37 2
 19881216 1200 27.29 2
 19890116 1200 27.34 2
 19890215 1200 27.28 2
 19890316 1200 27.16 2
 19890416 1200 27.37 2
 19890516 1200 27.84 2
 19890616 1200 27.79 2
 19890716 1200 28.11 2
 19890816 1200 27.94 2
 19890916 1200 27.94 2
 19891016 1200 28.26 2
 19891116 1200 28.18 2
 19891216 1200 28.31 2
 19900116 1200 28.16 2
 19900215 1200 28.24 2
 19900316 1200 28.32 2
 19900416 1200 28.10 2
 19900516 1200 28.51 2
 19900616 1200 28.72 2
 19900716 1200 28.02 2
 19900816 1200 28.24 2
 19900916 1200 27.57 2
 Time: 1200 16 Apr 1991 to 1200 16 Dec 1994 (index    60 to   104,   45 times)
 Depth (M):       -3 QUALITY
 YYYYMMDD HHMM  AIRT Q
 19910416 1200 28.92 2
 19910516 1200 29.07 2
 19910616 1200 28.85 2
 19910716 1200 28.67 2
 19910816 1200 28.07 2
 19910916 1200 27.49 2
 19911016 1200 28.13 2
 19911116 1200 27.84 2
 19911216 1200 27.97 2
 19920116 1200 -9.99 0
 19920215 1200 28.00 2
 19920316 1200 27.80 2
 19920416 1200 27.79 2
 19920516 1200 27.51 2
 19920616 1200 28.24 2
 19920716 1200 28.15 2
 19920816 1200 -9.99 0
 19920916 1200 28.74 2
 19921016 1200 28.48 2
 19921116 1200 28.43 2
 19921216 1200 27.95 2
 19930116 1200 28.04 2
 19930215 1200 27.94 2
 19930316 1200 27.86 2
 19930416 1200 27.58 2
 19930516 1200 27.70 2
 19930616 1200 27.53 2
 19930716 1200 27.56 2
 19930816 1200 27.59 2
 19930916 1200 27.95 2
 19931016 1200 28.06 2
 19931116 1200 28.60 2
 19931216 1200 28.29 2
 19940116 1200 28.70 2
 19940215 1200 28.17 2
 19940316 1200 28.01 2
 19940416 1200 28.37 2
 19940516 1200 28.99 2
 19940616 1200 28.93 2
 19940716 1200 28.50 2
 19940816 1200 27.93 2
 19940916 1200 28.13 2
 19941016 1200 28.03 2
 19941116 1200 28.71 2
 19941216 1200 28.33 2
 Time: 1200 15 Feb 1996 to 1200 16 Sep 1998 (index   118 to   149,   32 times)
 Depth (M):       -3 QUALITY
 YYYYMMDD HHMM  AIRT Q
 19960215 1200 28.65 2
 19960316 1200 -9.99 0
 19960416 1200 -9.99 0
 19960516 1200 -9.99 0
 19960616 1200 -9.99 0
 19960716 1200 27.89 2
 19960816 1200 28.09 2
 19960916 1200 28.15 2
 19961016 1200 27.80 2
 19961116 1200 28.12 2
 19961216 1200 28.54 2
 19970116 1200 28.23 2
 19970215 1200 28.66 2
 19970316 1200 28.80 2
 19970416 1200 28.26 2
 19970516 1200 28.32 2
 19970616 1200 28.20 2
 19970716 1200 27.66 2
 19970816 1200 27.97 2
 19970916 1200 28.19 2
 19971016 1200 28.11 2
 19971116 1200 28.34 2
 19971216 1200 28.11 2
 19980116 1200 27.46 2
 19980215 1200 27.20 2
 19980316 1200 26.99 4
 19980416 1200 26.64 4
 19980516 1200 26.64 4
 19980616 1200 27.17 4
 19980716 1200 27.89 1
 19980816 1200 27.92 1
 19980916 1200 28.05 1
 Time: 1200 16 Jul 1999 to 1200 16 Dec 2002 (index   159 to   200,   42 times)
 Depth (M):       -3 QUALITY
 YYYYMMDD HHMM  AIRT Q
 19990716 1200 28.83 2
 19990816 1200 28.38 1
 19990916 1200 27.66 1
 19991016 1200 27.89 1
 19991116 1200 -9.99 0
 19991216 1200 -9.99 0
 20000116 1200 -9.99 0
 20000215 1200 -9.99 0
 20000316 1200 26.72 1
 20000416 1200 26.90 1
 20000516 1200 27.51 1
 20000616 1200 27.62 1
 20000716 1200 27.85 1
 20000816 1200 28.42 1
 20000916 1200 28.52 1
 20001016 1200 28.51 1
 20001116 1200 28.34 1
 20001216 1200 28.17 2
 20010116 1200 28.15 2
 20010215 1200 27.59 2
 20010316 1200 27.92 2
 20010416 1200 -9.99 0
 20010516 1200 -9.99 0
 20010616 1200 -9.99 0
 20010716 1200 28.07 2
 20010816 1200 28.43 2
 20010916 1200 29.06 2
 20011016 1200 29.09 2
 20011116 1200 29.13 2
 20011216 1200 28.36 2
 20020116 1200 28.36 2
 20020215 1200 28.69 2
 20020316 1200 27.97 2
 20020416 1200 28.39 2
 20020516 1200 28.90 2
 20020616 1200 -9.99 0
 20020716 1200 27.98 2
 20020816 1200 28.23 2
 20020916 1200 27.85 2
 20021016 1200 28.04 2
 20021116 1200 28.48 2
 20021216 1200 28.58 2
 Time: 1200 16 Jul 2003 to 1200 16 Dec 2012 (index   207 to   320,  114 times)
 Depth (M):       -3 QUALITY
 YYYYMMDD HHMM  AIRT Q
 20030716 1200 28.89 1
 20030816 1200 28.90 1
 20030916 1200 28.95 1
 20031016 1200 29.13 1
 20031116 1200 29.32 1
 20031216 1200 29.12 1
 20040116 1200 28.60 1
 20040215 1200 28.95 1
 20040316 1200 28.24 1
 20040416 1200 28.56 1
 20040516 1200 29.00 1
 20040616 1200 28.23 1
 20040716 1200 -9.99 0
 20040816 1200 28.29 1
 20040916 1200 28.69 1
 20041016 1200 28.99 1
 20041116 1200 28.79 1
 20041216 1200 28.94 1
 20050116 1200 29.02 1
 20050215 1200 29.07 1
 20050316 1200 28.62 1
 20050416 1200 28.44 1
 20050516 1200 28.72 1
 20050616 1200 28.97 1
 20050716 1200 28.82 1
 20050816 1200 28.80 1
 20050916 1200 28.79 1
 20051016 1200 29.01 1
 20051116 1200 28.90 1
 20051216 1200 28.85 1
 20060116 1200 28.65 1
 20060215 1200 27.74 1
 20060316 1200 28.09 1
 20060416 1200 28.26 1
 20060516 1200 28.72 1
 20060616 1200 28.85 1
 20060716 1200 28.45 1
 20060816 1200 28.36 1
 20060916 1200 28.80 1
 20061016 1200 28.25 1
 20061116 1200 28.65 1
 20061216 1200 28.73 1
 20070116 1200 28.93 1
 20070215 1200 28.58 1
 20070316 1200 28.85 1
 20070416 1200 28.74 1
 20070516 1200 28.61 1
 20070616 1200 29.24 1
 20070716 1200 29.07 1
 20070816 1200 28.78 1
 20070916 1200 28.53 2
 20071016 1200 27.95 2
 20071116 1200 27.67 2
 20071216 1200 28.16 2
 20080116 1200 27.44 2
 20080215 1200 26.85 2
 20080316 1200 26.82 2
 20080416 1200 -9.99 0
 20080516 1200 -9.99 0
 20080616 1200 -9.99 0
 20080716 1200 -9.99 0
 20080816 1200 -9.99 0
 20080916 1200 28.17 2
 20081016 1200 28.41 2
 20081116 1200 28.05 2
 20081216 1200 28.06 2
 20090116 1200 28.09 2
 20090215 1200 27.83 2
 20090316 1200 27.88 2
 20090416 1200 28.49 2
 20090516 1200 28.74 2
 20090616 1200 28.62 2
 20090716 1200 28.21 2
 20090816 1200 28.67 2
 20090916 1200 28.43 2
 20091016 1200 28.43 2
 20091116 1200 28.71 2
 20091216 1200 28.14 2
 20100116 1200 28.10 2
 20100215 1200 28.52 2
 20100316 1200 28.40 1
 20100416 1200 28.17 1
 20100516 1200 28.67 1
 20100616 1200 28.33 1
 20100716 1200 28.02 1
 20100816 1200 27.68 1
 20100916 1200 27.40 1
 20101016 1200 27.40 1
 20101116 1200 27.50 1
 20101216 1200 27.10 1
 20110116 1200 27.27 1
 20110215 1200 27.35 1
 20110316 1200 27.74 2
 20110416 1200 28.04 2
 20110516 1200 28.29 2
 20110616 1200 28.34 2
 20110716 1200 28.31 2
 20110816 1200 28.71 2
 20110916 1200 28.15 2
 20111016 1200 27.89 2
 20111116 1200 28.22 2
 20111216 1200 28.02 2
 20120116 1200 27.51 2
 20120215 1200 27.66 2
 20120316 1200 27.66 2
 20120416 1200 28.04 2
 20120516 1200 28.29 2
 20120616 1200 28.51 2
 20120716 1200 28.39 2
 20120816 1200 28.48 2
 20120916 1200 28.57 2
 20121016 1200 28.80 2
 20121116 1200 29.09 2
 20121216 1200 28.82 2
