 Location:  0N 110W  16 Mar 1980 to 15 Feb 2014 (  408 times, 11 blocks) Gen. Date Feb 16 2014
 Units: Air Temperature (C), -9.99 = missing
 Time: 1200 16 Mar 1980 to 1200 16 Mar 1982 (index     1 to    25,   25 times)
 Depth (M):       -3 QUALITY
 YYYYMMDD HHMM  AIRT Q
 19800316 1200 25.79 2
 19800416 1200 -9.99 0
 19800516 1200 -9.99 0
 19800616 1200 -9.99 0
 19800716 1200 -9.99 0
 19800816 1200 21.88 2
 19800916 1200 22.17 2
 19801016 1200 21.28 2
 19801116 1200 22.83 2
 19801216 1200 23.17 2
 19810116 1200 22.80 2
 19810215 1200 23.89 2
 19810316 1200 25.38 2
 19810416 1200 25.67 2
 19810516 1200 25.09 2
 19810616 1200 23.94 2
 19810716 1200 22.67 2
 19810816 1200 20.99 2
 19810916 1200 21.73 2
 19811016 1200 22.18 2
 19811116 1200 22.26 2
 19811216 1200 23.06 2
 19820116 1200 23.71 2
 19820215 1200 25.06 2
 19820316 1200 25.61 2
 Time: 1200 16 Nov 1982 to 1200 16 Apr 1983 (index    33 to    38,    6 times)
 Depth (M):       -3 QUALITY
 YYYYMMDD HHMM  AIRT Q
 19821116 1200 26.11 2
 19821216 1200 26.84 2
 19830116 1200 27.29 2
 19830215 1200 27.50 2
 19830316 1200 27.53 2
 19830416 1200 28.12 2
 Time: 1200 16 Nov 1983 to 1200 16 Oct 1984 (index    45 to    56,   12 times)
 Depth (M):       -3 QUALITY
 YYYYMMDD HHMM  AIRT Q
 19831116 1200 20.85 2
 19831216 1200 20.55 2
 19840116 1200 22.11 2
 19840215 1200 24.84 2
 19840316 1200 25.85 2
 19840416 1200 25.98 2
 19840516 1200 23.71 2
 19840616 1200 22.43 2
 19840716 1200 21.88 2
 19840816 1200 21.99 2
 19840916 1200 20.90 2
 19841016 1200 21.06 2
 Time: 1200 16 May 1985 to 1200 16 Sep 1985 (index    63 to    67,    5 times)
 Depth (M):       -3 QUALITY
 YYYYMMDD HHMM  AIRT Q
 19850516 1200 23.89 2
 19850616 1200 23.37 2
 19850716 1200 21.95 2
 19850816 1200 21.88 2
 19850916 1200 21.28 2
 Time: 1200 16 Jun 1986 to 1200 16 May 1990 (index    76 to   123,   48 times)
 Depth (M):       -3 QUALITY
 YYYYMMDD HHMM  AIRT Q
 19860616 1200 24.70 2
 19860716 1200 23.41 2
 19860816 1200 21.90 2
 19860916 1200 22.85 2
 19861016 1200 -9.99 0
 19861116 1200 23.90 2
 19861216 1200 23.62 2
 19870116 1200 25.33 2
 19870215 1200 26.23 2
 19870316 1200 27.06 2
 19870416 1200 -9.99 0
 19870516 1200 26.91 2
 19870616 1200 25.95 2
 19870716 1200 25.10 2
 19870816 1200 23.94 2
 19870916 1200 24.84 2
 19871016 1200 24.00 2
 19871116 1200 23.63 2
 19871216 1200 23.86 2
 19880116 1200 23.86 2
 19880215 1200 24.82 2
 19880316 1200 25.15 2
 19880416 1200 23.31 2
 19880516 1200 21.44 2
 19880616 1200 20.99 2
 19880716 1200 21.43 2
 19880816 1200 20.61 2
 19880916 1200 20.78 2
 19881016 1200 20.45 2
 19881116 1200 19.60 2
 19881216 1200 19.30 2
 19890116 1200 21.58 2
 19890215 1200 24.39 2
 19890316 1200 24.64 2
 19890416 1200 24.99 2
 19890516 1200 24.79 2
 19890616 1200 24.31 2
 19890716 1200 22.65 2
 19890816 1200 21.69 2
 19890916 1200 21.50 2
 19891016 1200 21.90 2
 19891116 1200 22.08 2
 19891216 1200 21.86 2
 19900116 1200 23.85 2
 19900215 1200 25.08 2
 19900316 1200 25.61 2
 19900416 1200 26.35 2
 19900516 1200 26.17 2
 Time: 1200 16 Dec 1990 to 1200 16 Jul 1995 (index   130 to   185,   56 times)
 Depth (M):       -3 QUALITY
 YYYYMMDD HHMM  AIRT Q
 19901216 1200 22.38 2
 19910116 1200 24.10 2
 19910215 1200 25.13 2
 19910316 1200 25.61 2
 19910416 1200 25.52 2
 19910516 1200 26.66 2
 19910616 1200 26.08 2
 19910716 1200 25.09 2
 19910816 1200 22.99 2
 19910916 1200 22.51 2
 19911016 1200 23.51 2
 19911116 1200 24.12 2
 19911216 1200 24.74 2
 19920116 1200 25.62 2
 19920215 1200 26.25 2
 19920316 1200 26.91 2
 19920416 1200 27.45 2
 19920516 1200 27.13 2
 19920616 1200 23.85 2
 19920716 1200 22.78 2
 19920816 1200 21.92 2
 19920916 1200 21.38 2
 19921016 1200 22.42 2
 19921116 1200 21.89 2
 19921216 1200 -9.99 0
 19930116 1200 -9.99 0
 19930215 1200 -9.99 0
 19930316 1200 -9.99 0
 19930416 1200 -9.99 0
 19930516 1200 26.87 2
 19930616 1200 25.70 2
 19930716 1200 23.98 2
 19930816 1200 22.90 2
 19930916 1200 22.32 2
 19931016 1200 23.20 2
 19931116 1200 22.63 2
 19931216 1200 22.98 2
 19940116 1200 23.58 2
 19940215 1200 -9.99 0
 19940316 1200 -9.99 0
 19940416 1200 -9.99 0
 19940516 1200 -9.99 0
 19940616 1200 24.79 2
 19940716 1200 22.20 2
 19940816 1200 22.09 2
 19940916 1200 22.23 2
 19941016 1200 23.22 2
 19941116 1200 23.23 2
 19941216 1200 23.61 2
 19950116 1200 24.20 2
 19950215 1200 -9.99 0
 19950316 1200 24.65 2
 19950416 1200 24.87 2
 19950516 1200 23.41 2
 19950616 1200 24.11 2
 19950716 1200 23.02 2
 Time: 1200 16 Jun 1996 to 1200 16 Apr 1998 (index   196 to   218,   23 times)
 Depth (M):       -3 QUALITY
 YYYYMMDD HHMM  AIRT Q
 19960616 1200 23.46 2
 19960716 1200 22.62 2
 19960816 1200 21.72 2
 19960916 1200 21.45 2
 19961016 1200 21.34 2
 19961116 1200 21.64 2
 19961216 1200 21.49 2
 19970116 1200 23.04 2
 19970215 1200 24.20 2
 19970316 1200 25.99 2
 19970416 1200 26.18 2
 19970516 1200 26.98 2
 19970616 1200 26.73 2
 19970716 1200 26.92 2
 19970816 1200 26.45 2
 19970916 1200 26.55 2
 19971016 1200 26.90 2
 19971116 1200 27.22 2
 19971216 1200 27.10 2
 19980116 1200 27.60 2
 19980215 1200 -9.99 0
 19980316 1200 28.33 2
 19980416 1200 28.61 2
 Time: 1200 16 Nov 1998 to 1200 15 Feb 2009 (index   225 to   348,  124 times)
 Depth (M):       -3 QUALITY
 YYYYMMDD HHMM  AIRT Q
 19981116 1200 20.65 1
 19981216 1200 20.46 1
 19990116 1200 21.50 1
 19990215 1200 25.21 1
 19990316 1200 25.88 1
 19990416 1200 25.39 1
 19990516 1200 24.63 2
 19990616 1200 23.38 2
 19990716 1200 22.55 2
 19990816 1200 21.59 2
 19990916 1200 20.35 2
 19991016 1200 20.54 2
 19991116 1200 20.40 2
 19991216 1200 20.65 1
 20000116 1200 22.14 1
 20000215 1200 24.03 1
 20000316 1200 25.59 1
 20000416 1200 26.19 1
 20000516 1200 24.98 1
 20000616 1200 23.74 1
 20000716 1200 23.53 1
 20000816 1200 21.71 1
 20000916 1200 22.07 1
 20001016 1200 21.77 1
 20001116 1200 21.34 1
 20001216 1200 21.68 1
 20010116 1200 22.79 1
 20010215 1200 24.78 1
 20010316 1200 -9.99 0
 20010416 1200 26.29 1
 20010516 1200 25.20 1
 20010616 1200 24.15 1
 20010716 1200 23.13 1
 20010816 1200 21.40 1
 20010916 1200 20.74 1
 20011016 1200 21.66 1
 20011116 1200 21.97 1
 20011216 1200 22.35 1
 20020116 1200 23.63 1
 20020215 1200 25.28 1
 20020316 1200 26.30 1
 20020416 1200 25.81 1
 20020516 1200 25.33 1
 20020616 1200 25.49 1
 20020716 1200 23.64 1
 20020816 1200 22.86 1
 20020916 1200 23.32 1
 20021016 1200 23.95 1
 20021116 1200 24.86 1
 20021216 1200 24.88 1
 20030116 1200 24.41 1
 20030215 1200 25.05 1
 20030316 1200 25.72 1
 20030416 1200 24.97 1
 20030516 1200 23.73 1
 20030616 1200 23.20 1
 20030716 1200 23.77 1
 20030816 1200 -9.99 0
 20030916 1200 -9.99 0
 20031016 1200 -9.99 0
 20031116 1200 23.38 1
 20031216 1200 24.11 1
 20040116 1200 24.40 1
 20040215 1200 24.74 1
 20040316 1200 -9.99 0
 20040416 1200 24.81 1
 20040516 1200 24.60 1
 20040616 1200 24.11 1
 20040716 1200 22.06 1
 20040816 1200 22.78 1
 20040916 1200 22.34 1
 20041016 1200 23.04 1
 20041116 1200 23.18 1
 20041216 1200 24.14 2
 20050116 1200 24.27 2
 20050215 1200 24.64 2
 20050316 1200 25.50 2
 20050416 1200 27.84 1
 20050516 1200 26.36 1
 20050616 1200 24.43 1
 20050716 1200 24.15 1
 20050816 1200 22.58 1
 20050916 1200 21.94 1
 20051016 1200 -9.99 0
 20051116 1200 21.82 1
 20051216 1200 22.07 1
 20060116 1200 23.42 1
 20060215 1200 24.48 1
 20060316 1200 24.79 1
 20060416 1200 25.71 2
 20060516 1200 25.20 2
 20060616 1200 24.21 2
 20060716 1200 23.92 2
 20060816 1200 -9.99 0
 20060916 1200 -9.99 0
 20061016 1200 -9.99 0
 20061116 1200 -9.99 0
 20061216 1200 25.07 1
 20070116 1200 25.47 1
 20070215 1200 24.79 1
 20070316 1200 24.51 1
 20070416 1200 24.97 2
 20070516 1200 24.16 2
 20070616 1200 23.30 2
 20070716 1200 21.83 2
 20070816 1200 20.22 2
 20070916 1200 20.23 2
 20071016 1200 20.12 2
 20071116 1200 19.96 2
 20071216 1200 20.95 2
 20080116 1200 22.50 2
 20080215 1200 24.23 2
 20080316 1200 25.44 2
 20080416 1200 26.03 2
 20080516 1200 25.75 2
 20080616 1200 -9.99 0
 20080716 1200 24.27 2
 20080816 1200 23.26 2
 20080916 1200 22.89 2
 20081016 1200 22.13 2
 20081116 1200 22.40 2
 20081216 1200 -9.99 0
 20090116 1200 23.77 2
 20090215 1200 24.26 2
 Time: 1200 16 Oct 2009 to 1200 16 Oct 2010 (index   356 to   368,   13 times)
 Depth (M):       -3 QUALITY
 YYYYMMDD HHMM  AIRT Q
 20091016 1200 23.11 2
 20091116 1200 -9.99 0
 20091216 1200 -9.99 0
 20100116 1200 -9.99 0
 20100215 1200 -9.99 0
 20100316 1200 27.16 2
 20100416 1200 26.84 2
 20100516 1200 25.09 2
 20100616 1200 23.03 2
 20100716 1200 21.82 2
 20100816 1200 20.86 2
 20100916 1200 20.64 2
 20101016 1200 19.84 2
 Time: 1200 16 Aug 2011 to 1200 16 Apr 2012 (index   378 to   386,    9 times)
 Depth (M):       -3 QUALITY
 YYYYMMDD HHMM  AIRT Q
 20110816 1200 21.84 2
 20110916 1200 21.16 2
 20111016 1200 20.83 2
 20111116 1200 20.28 2
 20111216 1200 22.00 2
 20120116 1200 23.32 2
 20120215 1200 25.45 2
 20120316 1200 26.21 2
 20120416 1200 26.50 2
 Time: 1200 16 Apr 2013 to 1200 15 Feb 2014 (index   398 to   408,   11 times)
 Depth (M):       -3 QUALITY
 YYYYMMDD HHMM  AIRT Q
 20130416 1200 25.78 2
 20130516 1200 23.66 2
 20130616 1200 23.40 2
 20130716 1200 22.62 2
 20130816 1200 21.71 2
 20130916 1200 21.79 2
 20131016 1200 22.59 2
 20131116 1200 22.20 2
 20131216 1200 23.26 2
 20140116 1200 23.61 2
 20140215 1200 23.97 2
