 Location:  5S 110W  16 Nov 1985 to 16 Jul 2012 (  321 times,  2 blocks) Gen. Date Feb 16 2014
 Units: Air Temperature (C), -9.99 = missing
 Time: 1200 16 Nov 1985 to 1200 16 Aug 1995 (index     1 to   118,  118 times)
 Depth (M):       -3 QUALITY
 YYYYMMDD HHMM  AIRT Q
 19851116 1200 22.71 2
 19851216 1200 23.18 2
 19860116 1200 23.85 2
 19860215 1200 25.13 2
 19860316 1200 26.02 2
 19860416 1200 26.34 2
 19860516 1200 26.01 2
 19860616 1200 25.11 2
 19860716 1200 24.18 2
 19860816 1200 23.66 2
 19860916 1200 -9.99 0
 19861016 1200 -9.99 0
 19861116 1200 -9.99 0
 19861216 1200 24.27 1
 19870116 1200 25.04 1
 19870215 1200 26.16 1
 19870316 1200 26.83 1
 19870416 1200 27.10 1
 19870516 1200 27.23 1
 19870616 1200 26.70 1
 19870716 1200 26.19 1
 19870816 1200 -9.99 0
 19870916 1200 -9.99 0
 19871016 1200 -9.99 0
 19871116 1200 24.76 1
 19871216 1200 24.88 1
 19880116 1200 25.45 1
 19880215 1200 26.09 1
 19880316 1200 26.68 1
 19880416 1200 26.64 1
 19880516 1200 26.20 1
 19880616 1200 -9.99 0
 19880716 1200 23.27 1
 19880816 1200 22.53 1
 19880916 1200 22.69 1
 19881016 1200 -9.99 0
 19881116 1200 22.51 1
 19881216 1200 23.16 1
 19890116 1200 23.91 1
 19890215 1200 24.91 1
 19890316 1200 -9.99 0
 19890416 1200 -9.99 0
 19890516 1200 26.17 1
 19890616 1200 25.21 1
 19890716 1200 24.16 1
 19890816 1200 23.86 1
 19890916 1200 23.19 1
 19891016 1200 23.02 1
 19891116 1200 22.58 1
 19891216 1200 22.57 1
 19900116 1200 23.33 1
 19900215 1200 24.66 1
 19900316 1200 25.47 1
 19900416 1200 26.01 1
 19900516 1200 25.92 1
 19900616 1200 25.06 1
 19900716 1200 23.82 1
 19900816 1200 23.24 1
 19900916 1200 22.77 1
 19901016 1200 22.70 1
 19901116 1200 22.95 1
 19901216 1200 23.41 2
 19910116 1200 24.13 2
 19910215 1200 25.30 2
 19910316 1200 26.35 2
 19910416 1200 26.93 4
 19910516 1200 26.87 4
 19910616 1200 26.51 4
 19910716 1200 25.80 4
 19910816 1200 24.86 4
 19910916 1200 24.08 4
 19911016 1200 24.44 4
 19911116 1200 24.67 4
 19911216 1200 25.18 4
 19920116 1200 25.73 4
 19920215 1200 -9.99 0
 19920316 1200 27.18 4
 19920416 1200 27.79 4
 19920516 1200 27.65 4
 19920616 1200 26.50 4
 19920716 1200 25.31 4
 19920816 1200 24.44 4
 19920916 1200 23.86 4
 19921016 1200 23.84 4
 19921116 1200 23.82 4
 19921216 1200 23.95 4
 19930116 1200 24.81 4
 19930215 1200 26.27 4
 19930316 1200 27.21 1
 19930416 1200 27.65 1
 19930516 1200 27.42 1
 19930616 1200 26.68 1
 19930716 1200 25.76 1
 19930816 1200 24.47 1
 19930916 1200 24.32 1
 19931016 1200 24.56 1
 19931116 1200 24.36 1
 19931216 1200 24.36 1
 19940116 1200 25.25 1
 19940215 1200 26.00 1
 19940316 1200 26.68 1
 19940416 1200 27.28 1
 19940516 1200 26.41 1
 19940616 1200 25.63 1
 19940716 1200 24.51 1
 19940816 1200 23.83 1
 19940916 1200 23.48 1
 19941016 1200 23.96 1
 19941116 1200 24.28 1
 19941216 1200 24.54 1
 19950116 1200 25.23 1
 19950215 1200 26.27 1
 19950316 1200 26.80 1
 19950416 1200 26.92 1
 19950516 1200 26.41 1
 19950616 1200 25.63 1
 19950716 1200 24.74 1
 19950816 1200 23.35 1
 Time: 1200 16 Jun 1996 to 1200 16 Jul 2012 (index   128 to   321,  194 times)
 Depth (M):       -3 QUALITY
 YYYYMMDD HHMM  AIRT Q
 19960616 1200 25.15 4
 19960716 1200 24.77 4
 19960816 1200 -9.99 0
 19960916 1200 -9.99 0
 19961016 1200 22.81 4
 19961116 1200 22.75 4
 19961216 1200 23.04 4
 19970116 1200 23.63 4
 19970215 1200 24.64 4
 19970316 1200 26.16 4
 19970416 1200 26.95 4
 19970516 1200 27.09 4
 19970616 1200 26.47 4
 19970716 1200 26.29 4
 19970816 1200 26.18 4
 19970916 1200 26.12 2
 19971016 1200 26.32 2
 19971116 1200 26.47 2
 19971216 1200 26.92 2
 19980116 1200 27.30 2
 19980215 1200 27.73 2
 19980316 1200 27.95 2
 19980416 1200 28.20 2
 19980516 1200 27.58 2
 19980616 1200 26.37 2
 19980716 1200 -9.99 0
 19980816 1200 -9.99 0
 19980916 1200 -9.99 0
 19981016 1200 -9.99 0
 19981116 1200 24.04 2
 19981216 1200 24.47 2
 19990116 1200 24.47 2
 19990215 1200 25.92 2
 19990316 1200 26.22 2
 19990416 1200 26.33 2
 19990516 1200 25.59 2
 19990616 1200 24.75 2
 19990716 1200 23.90 2
 19990816 1200 23.51 2
 19990916 1200 22.89 2
 19991016 1200 22.44 2
 19991116 1200 22.85 2
 19991216 1200 23.10 2
 20000116 1200 23.93 2
 20000215 1200 25.05 2
 20000316 1200 25.71 2
 20000416 1200 26.38 2
 20000516 1200 25.80 1
 20000616 1200 24.46 1
 20000716 1200 23.49 1
 20000816 1200 23.39 1
 20000916 1200 23.11 1
 20001016 1200 23.18 1
 20001116 1200 23.28 1
 20001216 1200 23.74 1
 20010116 1200 24.47 1
 20010215 1200 25.64 1
 20010316 1200 26.49 1
 20010416 1200 26.20 1
 20010516 1200 25.90 1
 20010616 1200 25.16 1
 20010716 1200 24.21 1
 20010816 1200 23.58 1
 20010916 1200 22.90 1
 20011016 1200 22.70 1
 20011116 1200 23.14 1
 20011216 1200 23.71 1
 20020116 1200 24.14 1
 20020215 1200 -9.99 0
 20020316 1200 26.18 1
 20020416 1200 26.50 1
 20020516 1200 26.57 1
 20020616 1200 25.70 1
 20020716 1200 25.00 1
 20020816 1200 24.08 1
 20020916 1200 23.74 1
 20021016 1200 23.89 1
 20021116 1200 24.30 1
 20021216 1200 24.82 1
 20030116 1200 25.10 1
 20030215 1200 25.73 1
 20030316 1200 26.34 1
 20030416 1200 26.51 1
 20030516 1200 25.89 1
 20030616 1200 24.99 1
 20030716 1200 24.61 1
 20030816 1200 24.03 1
 20030916 1200 23.77 1
 20031016 1200 23.86 1
 20031116 1200 23.50 1
 20031216 1200 23.88 1
 20040116 1200 24.40 1
 20040215 1200 25.43 1
 20040316 1200 26.60 1
 20040416 1200 27.03 1
 20040516 1200 26.11 1
 20040616 1200 25.43 1
 20040716 1200 23.63 1
 20040816 1200 23.42 1
 20040916 1200 22.89 1
 20041016 1200 23.14 1
 20041116 1200 23.67 1
 20041216 1200 24.37 1
 20050116 1200 25.05 1
 20050215 1200 26.06 1
 20050316 1200 26.90 1
 20050416 1200 27.16 1
 20050516 1200 27.03 1
 20050616 1200 25.99 1
 20050716 1200 25.28 1
 20050816 1200 24.52 1
 20050916 1200 23.22 1
 20051016 1200 -9.99 0
 20051116 1200 -9.99 0
 20051216 1200 23.67 1
 20060116 1200 24.41 1
 20060215 1200 25.63 1
 20060316 1200 26.09 1
 20060416 1200 26.71 1
 20060516 1200 26.14 1
 20060616 1200 25.15 1
 20060716 1200 24.28 1
 20060816 1200 23.95 1
 20060916 1200 24.18 1
 20061016 1200 24.31 1
 20061116 1200 24.64 1
 20061216 1200 24.90 2
 20070116 1200 25.52 2
 20070215 1200 26.24 2
 20070316 1200 26.63 2
 20070416 1200 26.76 2
 20070516 1200 26.41 2
 20070616 1200 25.35 2
 20070716 1200 24.53 2
 20070816 1200 23.53 2
 20070916 1200 -9.99 0
 20071016 1200 -9.99 0
 20071116 1200 -9.99 0
 20071216 1200 -9.99 0
 20080116 1200 23.41 1
 20080215 1200 24.67 1
 20080316 1200 25.84 1
 20080416 1200 26.05 1
 20080516 1200 26.17 1
 20080616 1200 25.26 1
 20080716 1200 24.44 1
 20080816 1200 23.76 1
 20080916 1200 23.75 1
 20081016 1200 23.60 1
 20081116 1200 23.48 1
 20081216 1200 23.66 1
 20090116 1200 24.59 2
 20090215 1200 25.49 2
 20090316 1200 26.09 2
 20090416 1200 26.92 2
 20090516 1200 26.87 2
 20090616 1200 26.24 2
 20090716 1200 25.38 2
 20090816 1200 24.46 2
 20090916 1200 24.07 2
 20091016 1200 23.72 2
 20091116 1200 23.94 2
 20091216 1200 24.68 2
 20100116 1200 25.11 2
 20100215 1200 26.00 2
 20100316 1200 26.75 2
 20100416 1200 27.36 1
 20100516 1200 26.88 1
 20100616 1200 26.37 1
 20100716 1200 -9.99 0
 20100816 1200 22.94 2
 20100916 1200 22.79 2
 20101016 1200 22.40 2
 20101116 1200 21.94 2
 20101216 1200 22.43 2
 20110116 1200 23.17 2
 20110215 1200 24.24 2
 20110316 1200 25.58 2
 20110416 1200 26.14 2
 20110516 1200 25.83 2
 20110616 1200 -9.99 0
 20110716 1200 -9.99 0
 20110816 1200 23.50 2
 20110916 1200 23.26 2
 20111016 1200 22.75 2
 20111116 1200 22.88 2
 20111216 1200 23.09 2
 20120116 1200 23.79 2
 20120215 1200 25.31 2
 20120316 1200 26.37 2
 20120416 1200 26.52 2
 20120516 1200 25.79 2
 20120616 1200 25.10 2
 20120716 1200 24.59 2
