 Location:  0N 140W  15 Sep 2006 to 24 Jun 2013 ( 2475 times,  7 blocks) Gen. Date Mar  3 2014
 Units: Sea Level Pressure (hPa),  -9.90 = missing
 Time: 1200 15 Sep 2006 to 1200 17 Nov 2006 (index     1 to    64,   64 times)
 Depth (M):        -3 QUALITY and SOURCE
 YYYYMMDD HHMM    SLP Q S
 20060915 1200 1011.7 2 5
 20060916 1200 1011.4 2 5
 20060917 1200 1011.9 2 5
 20060918 1200 1011.1 2 5
 20060919 1200 1010.9 2 5
 20060920 1200 1010.6 2 5
 20060921 1200 1010.2 2 5
 20060922 1200 1010.9 2 5
 20060923 1200 1010.0 2 5
 20060924 1200 1010.2 2 5
 20060925 1200 1009.1 2 5
 20060926 1200 1009.4 2 5
 20060927 1200 1010.2 2 5
 20060928 1200 1010.5 2 5
 20060929 1200 1009.4 2 5
 20060930 1200 1008.5 2 5
 20061001 1200 1008.5 2 5
 20061002 1200 1009.0 2 5
 20061003 1200 1008.7 2 5
 20061004 1200 1008.4 2 5
 20061005 1200 1008.2 2 5
 20061006 1200 1009.6 2 5
 20061007 1200 1009.7 2 5
 20061008 1200 1010.4 2 5
 20061009 1200 1009.5 2 5
 20061010 1200 1012.2 2 5
 20061011 1200 1012.9 2 5
 20061012 1200 1011.5 2 5
 20061013 1200 1012.9 2 5
 20061014 1200 1013.2 2 5
 20061015 1200 1011.6 2 5
 20061016 1200 1012.0 2 5
 20061017 1200 1012.1 2 5
 20061018 1200 1012.2 2 5
 20061019 1200 1010.6 2 5
 20061020 1200 1009.9 2 5
 20061021 1200 1008.9 2 5
 20061022 1200 1009.8 2 5
 20061023 1200 1011.0 2 5
 20061024 1200 1010.6 2 5
 20061025 1200 1010.2 2 5
 20061026 1200 1009.3 2 5
 20061027 1200 1010.6 2 5
 20061028 1200 1011.6 2 5
 20061029 1200 1011.6 2 5
 20061030 1200 1011.1 2 5
 20061031 1200 1009.9 2 5
 20061101 1200 1008.7 2 5
 20061102 1200 1007.7 2 5
 20061103 1200 1008.2 2 5
 20061104 1200 1009.5 2 5
 20061105 1200 1010.1 2 5
 20061106 1200 1010.5 2 5
 20061107 1200 1011.2 2 5
 20061108 1200 1010.0 2 5
 20061109 1200 1009.3 2 5
 20061110 1200 1009.7 2 5
 20061111 1200 1010.9 2 5
 20061112 1200 1011.4 2 5
 20061113 1200 1011.1 2 5
 20061114 1200 1010.6 2 5
 20061115 1200 1011.1 2 5
 20061116 1200 1010.8 2 5
 20061117 1200 1009.8 2 1
 Time: 1200 27 Nov 2006 to 1200 29 Nov 2006 (index    74 to    76,    3 times)
 Depth (M):        -3 QUALITY and SOURCE
 YYYYMMDD HHMM    SLP Q S
 20061127 1200 1010.4 2 1
 20061128 1200 1009.2 2 5
 20061129 1200 1006.6 2 1
 Time: 1200 15 Dec 2006 to 1200 20 Dec 2006 (index    92 to    97,    6 times)
 Depth (M):        -3 QUALITY and SOURCE
 YYYYMMDD HHMM    SLP Q S
 20061215 1200 1008.5 2 5
 20061216 1200 1008.8 2 5
 20061217 1200 1009.6 2 5
 20061218 1200 1010.9 2 5
 20061219 1200 1010.3 2 1
 20061220 1200 1008.0 2 1
 Time: 1200  9 Jan 2007 to 1200 30 Jan 2007 (index   117 to   138,   22 times)
 Depth (M):        -3 QUALITY and SOURCE
 YYYYMMDD HHMM    SLP Q S
 20070109 1200 1007.2 2 5
 20070110 1200 1006.6 2 5
 20070111 1200 1006.7 2 5
 20070112 1200 1005.8 2 5
 20070113 1200 1005.4 2 5
 20070114 1200 1005.7 2 5
 20070115 1200 1006.6 2 5
 20070116 1200 1007.7 2 1
 20070117 1200 1006.8 2 1
 20070118 1200 1006.7 2 1
 20070119 1200 1008.6 2 1
 20070120 1200   -9.9 5 5
 20070121 1200 1010.4 2 5
 20070122 1200 1009.6 2 5
 20070123 1200 1009.7 2 5
 20070124 1200 1009.6 2 5
 20070125 1200 1010.0 2 5
 20070126 1200 1008.7 2 5
 20070127 1200 1009.1 2 5
 20070128 1200 1009.8 2 5
 20070129 1200 1008.7 2 1
 20070130 1200 1008.4 2 1
 Time: 1200  6 Apr 2007 to 1200  8 Apr 2007 (index   204 to   206,    3 times)
 Depth (M):        -3 QUALITY and SOURCE
 YYYYMMDD HHMM    SLP Q S
 20070406 1200 1010.6 2 1
 20070407 1200 1009.1 2 1
 20070408 1200 1009.5 2 1
 Time: 1200  1 Jun 2007 to 1200 20 Nov 2007 (index   260 to   432,  173 times)
 Depth (M):        -3 QUALITY and SOURCE
 YYYYMMDD HHMM    SLP Q S
 20070601 1200 1011.4 2 1
 20070602 1200 1011.2 2 1
 20070603 1200 1011.8 2 1
 20070604 1200 1011.4 2 1
 20070605 1200 1011.9 2 1
 20070606 1200 1011.7 2 1
 20070607 1200 1011.3 2 1
 20070608 1200 1010.5 2 1
 20070609 1200 1009.9 2 1
 20070610 1200 1009.8 2 1
 20070611 1200 1009.0 2 1
 20070612 1200 1009.3 2 1
 20070613 1200 1009.8 2 1
 20070614 1200 1009.4 2 1
 20070615 1200 1008.9 2 1
 20070616 1200 1008.4 2 1
 20070617 1200 1008.8 2 1
 20070618 1200 1008.2 2 1
 20070619 1200 1008.3 2 1
 20070620 1200 1009.6 2 1
 20070621 1200 1010.5 2 1
 20070622 1200 1011.1 2 1
 20070623 1200 1010.4 2 1
 20070624 1200 1008.4 2 1
 20070625 1200 1007.8 2 1
 20070626 1200 1009.2 2 1
 20070627 1200 1010.6 2 1
 20070628 1200 1010.8 2 1
 20070629 1200 1010.4 2 1
 20070630 1200 1010.4 2 1
 20070701 1200 1010.7 2 1
 20070702 1200 1011.2 2 1
 20070703 1200 1011.0 2 1
 20070704 1200 1010.8 2 1
 20070705 1200 1010.9 2 1
 20070706 1200 1011.2 2 1
 20070707 1200 1010.6 2 1
 20070708 1200 1009.2 2 1
 20070709 1200 1009.8 2 1
 20070710 1200 1011.1 2 1
 20070711 1200 1011.6 2 1
 20070712 1200 1011.8 2 1
 20070713 1200 1011.7 2 1
 20070714 1200 1012.6 2 1
 20070715 1200 1012.4 2 1
 20070716 1200 1012.5 2 1
 20070717 1200 1012.2 2 1
 20070718 1200 1011.6 2 1
 20070719 1200 1011.8 2 1
 20070720 1200 1012.4 2 1
 20070721 1200 1012.4 2 1
 20070722 1200 1012.2 2 1
 20070723 1200 1012.4 2 1
 20070724 1200 1012.0 2 1
 20070725 1200 1010.9 2 1
 20070726 1200 1010.5 2 1
 20070727 1200 1011.2 2 1
 20070728 1200 1011.1 2 1
 20070729 1200 1011.2 2 1
 20070730 1200 1010.8 2 1
 20070731 1200 1009.5 2 1
 20070801 1200 1010.1 2 1
 20070802 1200 1010.8 2 1
 20070803 1200 1010.5 2 1
 20070804 1200 1011.3 2 1
 20070805 1200 1011.1 2 1
 20070806 1200 1011.6 2 1
 20070807 1200 1011.6 2 1
 20070808 1200 1011.9 2 1
 20070809 1200 1012.8 2 1
 20070810 1200 1012.7 2 1
 20070811 1200 1012.2 2 1
 20070812 1200 1011.8 2 1
 20070813 1200 1012.1 2 1
 20070814 1200 1012.3 2 1
 20070815 1200 1011.6 2 1
 20070816 1200 1011.6 2 1
 20070817 1200 1012.2 2 1
 20070818 1200 1012.1 2 1
 20070819 1200 1011.6 2 1
 20070820 1200 1010.8 2 1
 20070821 1200 1010.8 2 1
 20070822 1200 1012.2 2 1
 20070823 1200 1013.1 2 1
 20070824 1200 1013.0 2 1
 20070825 1200 1013.0 2 1
 20070826 1200 1013.0 2 1
 20070827 1200 1012.8 2 1
 20070828 1200 1012.1 2 1
 20070829 1200 1011.9 2 1
 20070830 1200 1012.2 2 1
 20070831 1200 1012.5 2 1
 20070901 1200 1012.0 2 1
 20070902 1200 1011.3 2 1
 20070903 1200 1011.8 2 1
 20070904 1200 1012.5 2 1
 20070905 1200 1012.6 2 1
 20070906 1200 1012.0 2 1
 20070907 1200 1012.2 2 1
 20070908 1200 1012.9 2 1
 20070909 1200 1011.0 2 1
 20070910 1200 1010.1 2 1
 20070911 1200 1010.3 2 1
 20070912 1200 1011.4 2 1
 20070913 1200 1011.7 2 1
 20070914 1200 1012.5 2 1
 20070915 1200 1012.6 2 1
 20070916 1200 1012.0 2 1
 20070917 1200 1011.0 2 1
 20070918 1200 1011.3 2 1
 20070919 1200 1011.2 2 1
 20070920 1200 1011.3 2 1
 20070921 1200 1011.7 2 1
 20070922 1200 1011.4 2 1
 20070923 1200 1012.4 2 1
 20070924 1200 1011.6 2 1
 20070925 1200 1010.9 2 1
 20070926 1200 1010.8 2 1
 20070927 1200 1011.5 2 1
 20070928 1200 1012.5 2 1
 20070929 1200 1012.4 2 1
 20070930 1200   -9.9 0 0
 20071001 1200   -9.9 0 0
 20071002 1200 1013.2 2 1
 20071003 1200 1013.6 2 1
 20071004 1200 1012.8 2 1
 20071005 1200 1012.7 2 1
 20071006 1200 1012.5 2 1
 20071007 1200 1012.2 2 1
 20071008 1200 1012.1 2 1
 20071009 1200 1012.8 2 1
 20071010 1200 1013.8 2 1
 20071011 1200 1013.6 2 1
 20071012 1200 1011.9 2 1
 20071013 1200 1012.1 2 1
 20071014 1200 1012.6 2 1
 20071015 1200 1012.8 2 1
 20071016 1200 1012.6 2 1
 20071017 1200 1013.3 2 1
 20071018 1200 1013.2 2 1
 20071019 1200 1012.7 2 1
 20071020 1200 1012.5 2 1
 20071021 1200 1011.9 2 1
 20071022 1200 1011.5 2 1
 20071023 1200 1010.7 2 1
 20071024 1200 1010.7 2 1
 20071025 1200 1011.0 2 1
 20071026 1200 1010.6 2 1
 20071027 1200 1010.1 2 1
 20071028 1200 1011.1 2 1
 20071029 1200 1012.3 2 1
 20071030 1200 1012.3 2 1
 20071031 1200 1011.6 2 1
 20071101 1200 1010.9 2 1
 20071102 1200 1010.5 2 1
 20071103 1200 1011.2 2 1
 20071104 1200 1010.4 2 1
 20071105 1200 1009.1 2 1
 20071106 1200 1008.6 2 1
 20071107 1200 1009.8 2 1
 20071108 1200 1011.2 2 1
 20071109 1200 1011.4 2 1
 20071110 1200 1011.2 2 1
 20071111 1200 1010.5 2 1
 20071112 1200 1008.8 2 1
 20071113 1200 1008.8 2 1
 20071114 1200 1008.4 2 1
 20071115 1200 1008.1 2 1
 20071116 1200 1008.8 2 1
 20071117 1200 1008.9 2 1
 20071118 1200 1008.7 2 1
 20071119 1200 1008.8 2 1
 20071120 1200 1009.7 2 1
 Time: 1200 11 May 2008 to 1200 24 Jun 2013 (index   605 to  2475, 1871 times)
 Depth (M):        -3 QUALITY and SOURCE
 YYYYMMDD HHMM    SLP Q S
 20080511 1200 1010.3 2 5
 20080512 1200 1011.1 2 5
 20080513 1200 1011.8 2 5
 20080514 1200 1011.7 2 5
 20080515 1200 1011.7 2 5
 20080516 1200 1011.1 2 5
 20080517 1200 1012.1 2 5
 20080518 1200 1012.1 2 5
 20080519 1200 1011.8 2 5
 20080520 1200 1012.1 2 5
 20080521 1200 1013.5 2 5
 20080522 1200 1013.6 2 5
 20080523 1200 1012.9 2 5
 20080524 1200 1012.4 2 5
 20080525 1200 1011.6 2 5
 20080526 1200 1011.3 2 5
 20080527 1200 1011.6 2 5
 20080528 1200 1011.9 2 5
 20080529 1200 1011.6 2 5
 20080530 1200 1011.2 2 5
 20080531 1200 1011.6 2 5
 20080601 1200 1012.2 2 5
 20080602 1200 1013.0 2 5
 20080603 1200 1012.8 2 5
 20080604 1200 1011.5 2 5
 20080605 1200 1010.9 2 5
 20080606 1200 1010.8 2 5
 20080607 1200 1010.8 2 5
 20080608 1200 1010.2 2 5
 20080609 1200 1009.4 2 5
 20080610 1200 1009.1 2 5
 20080611 1200 1010.2 2 5
 20080612 1200 1010.1 2 5
 20080613 1200 1010.4 2 5
 20080614 1200 1010.4 2 5
 20080615 1200 1010.5 2 5
 20080616 1200 1009.8 2 5
 20080617 1200 1010.4 2 5
 20080618 1200 1011.6 2 5
 20080619 1200 1011.3 2 5
 20080620 1200 1010.3 2 5
 20080621 1200 1010.7 2 5
 20080622 1200 1011.0 2 5
 20080623 1200 1010.5 2 5
 20080624 1200 1010.9 2 5
 20080625 1200 1011.3 2 5
 20080626 1200 1011.0 2 5
 20080627 1200 1010.8 2 5
 20080628 1200 1011.4 2 5
 20080629 1200 1013.0 2 5
 20080630 1200 1012.3 2 5
 20080701 1200 1012.0 2 5
 20080702 1200 1011.8 2 5
 20080703 1200 1011.9 2 5
 20080704 1200 1012.9 2 5
 20080705 1200 1012.9 2 5
 20080706 1200 1012.0 2 5
 20080707 1200 1012.2 2 5
 20080708 1200 1012.5 2 5
 20080709 1200 1012.6 2 5
 20080710 1200 1012.1 2 5
 20080711 1200 1011.9 2 5
 20080712 1200 1012.6 2 5
 20080713 1200 1012.5 2 5
 20080714 1200 1011.8 2 5
 20080715 1200 1011.8 2 5
 20080716 1200 1012.6 2 5
 20080717 1200 1012.4 2 5
 20080718 1200 1011.6 2 5
 20080719 1200 1010.5 2 5
 20080720 1200 1010.6 2 5
 20080721 1200 1010.2 2 5
 20080722 1200 1009.6 2 5
 20080723 1200 1010.2 2 5
 20080724 1200 1010.4 2 5
 20080725 1200 1010.8 2 5
 20080726 1200 1010.9 2 5
 20080727 1200 1010.7 2 5
 20080728 1200 1011.4 2 5
 20080729 1200 1012.3 2 5
 20080730 1200 1011.8 2 5
 20080731 1200 1011.7 2 5
 20080801 1200 1011.4 2 5
 20080802 1200 1011.6 2 5
 20080803 1200 1010.7 2 5
 20080804 1200 1010.2 2 5
 20080805 1200 1009.1 2 5
 20080806 1200 1010.4 2 5
 20080807 1200 1011.3 2 5
 20080808 1200 1010.8 2 5
 20080809 1200 1010.8 2 5
 20080810 1200 1012.0 2 5
 20080811 1200 1012.4 2 5
 20080812 1200 1012.2 2 5
 20080813 1200 1012.3 2 5
 20080814 1200 1012.5 2 5
 20080815 1200 1013.7 2 5
 20080816 1200 1013.2 2 5
 20080817 1200 1012.6 2 5
 20080818 1200 1012.8 2 5
 20080819 1200 1012.6 2 5
 20080820 1200 1012.1 2 5
 20080821 1200 1011.6 2 5
 20080822 1200 1012.2 2 5
 20080823 1200 1012.6 2 5
 20080824 1200 1012.5 2 5
 20080825 1200 1012.3 2 5
 20080826 1200 1011.9 2 5
 20080827 1200 1011.9 2 5
 20080828 1200 1011.7 2 5
 20080829 1200 1011.1 2 5
 20080830 1200 1011.8 2 5
 20080831 1200 1011.6 2 5
 20080901 1200 1010.7 2 5
 20080902 1200 1011.2 2 5
 20080903 1200 1011.7 2 5
 20080904 1200 1011.2 2 5
 20080905 1200 1010.6 2 5
 20080906 1200 1010.9 2 5
 20080907 1200 1011.2 2 5
 20080908 1200 1010.7 2 5
 20080909 1200 1009.9 2 5
 20080910 1200 1009.7 2 5
 20080911 1200 1011.4 2 5
 20080912 1200 1011.9 2 5
 20080913 1200 1011.7 2 5
 20080914 1200 1011.3 2 5
 20080915 1200 1011.8 2 5
 20080916 1200 1011.7 2 5
 20080917 1200 1012.9 2 5
 20080918 1200 1012.9 2 5
 20080919 1200 1012.1 2 5
 20080920 1200 1012.3 2 5
 20080921 1200 1012.8 2 5
 20080922 1200 1012.1 2 5
 20080923 1200 1011.1 2 5
 20080924 1200 1009.7 2 5
 20080925 1200 1010.3 2 5
 20080926 1200 1011.9 2 5
 20080927 1200 1013.1 2 5
 20080928 1200 1013.5 2 5
 20080929 1200 1013.0 2 5
 20080930 1200 1013.1 2 5
 20081001 1200 1012.8 2 5
 20081002 1200 1012.4 2 5
 20081003 1200 1012.3 2 5
 20081004 1200 1012.7 2 5
 20081005 1200 1013.1 2 5
 20081006 1200 1012.8 2 5
 20081007 1200 1013.3 2 5
 20081008 1200 1013.8 2 5
 20081009 1200 1013.4 2 5
 20081010 1200 1012.1 2 5
 20081011 1200 1012.1 2 5
 20081012 1200 1012.5 2 5
 20081013 1200 1012.5 2 5
 20081014 1200 1011.7 2 5
 20081015 1200 1010.4 2 5
 20081016 1200 1011.3 2 5
 20081017 1200 1012.2 2 5
 20081018 1200 1012.1 2 5
 20081019 1200 1011.8 2 5
 20081020 1200 1012.3 2 5
 20081021 1200 1011.9 2 5
 20081022 1200 1011.7 2 5
 20081023 1200 1011.8 2 5
 20081024 1200 1010.9 2 5
 20081025 1200 1011.3 2 5
 20081026 1200   -9.9 0 0
 20081027 1200 1011.8 2 5
 20081028 1200 1012.4 2 5
 20081029 1200 1013.0 2 5
 20081030 1200 1012.6 2 5
 20081031 1200 1013.5 2 5
 20081101 1200 1014.1 2 5
 20081102 1200 1012.5 2 5
 20081103 1200 1012.0 2 5
 20081104 1200 1012.5 2 5
 20081105 1200 1011.9 2 5
 20081106 1200 1011.1 2 5
 20081107 1200 1010.8 2 5
 20081108 1200 1009.9 2 5
 20081109 1200 1010.1 2 5
 20081110 1200 1010.7 2 5
 20081111 1200 1010.5 2 5
 20081112 1200 1011.3 2 5
 20081113 1200 1011.0 2 5
 20081114 1200 1010.3 2 5
 20081115 1200 1009.6 2 5
 20081116 1200 1009.9 2 5
 20081117 1200 1010.2 2 5
 20081118 1200 1010.2 2 5
 20081119 1200 1009.4 2 5
 20081120 1200 1009.3 2 5
 20081121 1200 1008.9 2 5
 20081122 1200 1009.8 2 5
 20081123 1200 1010.9 2 5
 20081124 1200 1011.0 2 5
 20081125 1200 1011.3 2 5
 20081126 1200 1012.0 2 5
 20081127 1200 1012.3 2 5
 20081128 1200 1013.5 2 5
 20081129 1200 1012.3 2 5
 20081130 1200 1010.4 2 5
 20081201 1200 1010.9 2 5
 20081202 1200 1012.0 2 5
 20081203 1200 1012.6 2 5
 20081204 1200 1012.2 2 5
 20081205 1200 1011.0 2 5
 20081206 1200 1010.8 2 5
 20081207 1200 1011.1 2 5
 20081208 1200 1011.4 2 5
 20081209 1200 1010.7 2 5
 20081210 1200 1011.7 2 5
 20081211 1200 1010.9 2 5
 20081212 1200 1009.9 2 5
 20081213 1200 1010.6 2 5
 20081214 1200 1011.0 2 5
 20081215 1200 1011.0 2 5
 20081216 1200 1010.7 2 5
 20081217 1200 1011.4 2 5
 20081218 1200 1010.9 2 5
 20081219 1200 1011.7 2 5
 20081220 1200 1010.3 2 5
 20081221 1200 1010.0 2 5
 20081222 1200 1010.5 2 5
 20081223 1200 1011.1 2 5
 20081224 1200 1010.9 2 5
 20081225 1200 1011.5 2 5
 20081226 1200 1011.1 2 5
 20081227 1200 1011.4 2 5
 20081228 1200 1011.4 2 5
 20081229 1200 1010.9 2 5
 20081230 1200 1009.8 2 5
 20081231 1200 1009.4 2 5
 20090101 1200 1010.3 2 5
 20090102 1200 1010.3 2 5
 20090103 1200 1010.3 2 5
 20090104 1200 1011.2 2 5
 20090105 1200 1012.1 2 5
 20090106 1200 1012.2 2 5
 20090107 1200 1011.2 2 5
 20090108 1200 1009.9 2 5
 20090109 1200 1009.3 2 5
 20090110 1200 1011.1 2 5
 20090111 1200 1011.0 2 5
 20090112 1200 1011.9 2 5
 20090113 1200 1012.1 2 5
 20090114 1200 1012.6 2 5
 20090115 1200 1013.0 2 5
 20090116 1200 1013.8 2 5
 20090117 1200 1013.7 2 5
 20090118 1200 1013.4 2 5
 20090119 1200 1013.1 2 5
 20090120 1200 1013.2 2 5
 20090121 1200 1012.9 2 5
 20090122 1200 1011.8 2 5
 20090123 1200 1011.1 2 5
 20090124 1200 1011.4 2 5
 20090125 1200 1010.6 2 5
 20090126 1200 1009.9 2 5
 20090127 1200 1009.8 2 5
 20090128 1200 1010.9 2 5
 20090129 1200 1010.9 2 5
 20090130 1200 1010.7 2 5
 20090131 1200 1010.3 2 5
 20090201 1200 1009.8 2 5
 20090202 1200 1009.6 2 5
 20090203 1200 1008.2 2 5
 20090204 1200 1008.5 2 5
 20090205 1200 1010.3 2 5
 20090206 1200 1011.5 2 5
 20090207 1200 1011.9 2 5
 20090208 1200 1011.3 2 5
 20090209 1200 1011.6 2 5
 20090210 1200 1011.4 2 5
 20090211 1200 1010.5 2 5
 20090212 1200 1010.9 2 5
 20090213 1200 1011.5 2 5
 20090214 1200 1011.5 2 5
 20090215 1200 1011.2 2 5
 20090216 1200 1011.1 2 5
 20090217 1200 1010.8 2 5
 20090218 1200 1009.2 2 5
 20090219 1200 1007.5 2 5
 20090220 1200 1008.1 2 5
 20090221 1200 1008.9 2 5
 20090222 1200 1009.7 2 5
 20090223 1200 1010.0 2 5
 20090224 1200 1010.1 2 5
 20090225 1200 1009.2 2 5
 20090226 1200 1008.6 2 5
 20090227 1200 1008.5 2 5
 20090228 1200 1008.1 2 5
 20090301 1200 1008.4 2 5
 20090302 1200 1009.4 2 5
 20090303 1200 1009.7 2 5
 20090304 1200 1009.2 2 5
 20090305 1200 1009.0 2 5
 20090306 1200 1009.6 2 5
 20090307 1200 1009.3 2 5
 20090308 1200 1009.2 2 5
 20090309 1200 1010.2 2 5
 20090310 1200 1010.6 2 5
 20090311 1200 1010.4 2 5
 20090312 1200 1010.5 2 5
 20090313 1200 1010.6 2 5
 20090314 1200 1010.5 2 5
 20090315 1200 1009.7 2 5
 20090316 1200 1009.2 2 5
 20090317 1200 1009.6 2 5
 20090318 1200 1009.1 2 5
 20090319 1200 1008.4 2 5
 20090320 1200 1008.7 2 5
 20090321 1200 1009.9 2 5
 20090322 1200 1011.2 2 5
 20090323 1200 1011.4 2 5
 20090324 1200 1011.0 2 5
 20090325 1200 1010.7 2 5
 20090326 1200 1010.5 2 5
 20090327 1200 1010.8 2 5
 20090328 1200 1010.7 2 5
 20090329 1200 1009.8 2 5
 20090330 1200 1009.9 2 5
 20090331 1200 1011.5 2 5
 20090401 1200 1011.4 2 5
 20090402 1200 1010.8 2 5
 20090403 1200 1009.6 2 5
 20090404 1200 1009.2 2 5
 20090405 1200 1009.8 2 5
 20090406 1200 1010.1 2 5
 20090407 1200 1010.7 2 5
 20090408 1200 1011.2 2 5
 20090409 1200 1011.7 2 5
 20090410 1200 1011.2 2 5
 20090411 1200 1010.6 2 5
 20090412 1200 1011.4 2 5
 20090413 1200 1010.7 2 5
 20090414 1200 1009.2 2 5
 20090415 1200 1008.7 2 5
 20090416 1200 1009.0 2 5
 20090417 1200 1009.6 2 5
 20090418 1200 1008.5 2 5
 20090419 1200 1008.1 2 5
 20090420 1200 1008.7 2 5
 20090421 1200 1009.6 2 5
 20090422 1200 1010.6 2 5
 20090423 1200 1010.1 2 5
 20090424 1200 1009.0 2 5
 20090425 1200 1010.0 2 5
 20090426 1200 1010.1 2 5
 20090427 1200 1010.3 2 5
 20090428 1200 1010.1 2 5
 20090429 1200 1011.1 2 5
 20090430 1200 1011.3 2 5
 20090501 1200 1011.7 2 5
 20090502 1200 1012.0 2 5
 20090503 1200 1012.5 2 5
 20090504 1200 1011.7 2 5
 20090505 1200 1010.8 2 5
 20090506 1200 1009.9 2 5
 20090507 1200 1009.2 2 5
 20090508 1200 1008.4 2 5
 20090509 1200 1009.1 2 5
 20090510 1200 1009.6 2 5
 20090511 1200 1008.6 2 5
 20090512 1200 1008.3 2 5
 20090513 1200 1009.2 2 5
 20090514 1200 1009.9 2 5
 20090515 1200 1009.6 2 5
 20090516 1200 1009.5 2 5
 20090517 1200 1008.7 2 5
 20090518 1200 1007.9 2 5
 20090519 1200 1008.3 2 5
 20090520 1200 1009.2 2 5
 20090521 1200 1009.7 2 5
 20090522 1200 1009.5 2 5
 20090523 1200 1009.0 2 5
 20090524 1200 1008.7 2 5
 20090525 1200 1009.2 2 5
 20090526 1200 1010.6 2 5
 20090527 1200 1011.8 2 5
 20090528 1200 1011.2 2 5
 20090529 1200 1011.1 2 5
 20090530 1200 1010.6 2 5
 20090531 1200 1009.4 2 5
 20090601 1200 1008.5 2 5
 20090602 1200 1008.3 2 5
 20090603 1200 1008.6 2 5
 20090604 1200 1009.7 2 5
 20090605 1200 1009.4 2 5
 20090606 1200 1009.9 2 5
 20090607 1200 1011.8 2 5
 20090608 1200 1011.2 2 5
 20090609 1200 1010.3 2 5
 20090610 1200 1010.5 2 5
 20090611 1200 1010.9 2 5
 20090612 1200 1011.3 2 5
 20090613 1200 1012.0 2 5
 20090614 1200 1012.3 2 5
 20090615 1200 1011.9 2 5
 20090616 1200 1011.0 2 5
 20090617 1200 1010.3 2 5
 20090618 1200 1009.7 2 5
 20090619 1200 1010.1 2 5
 20090620 1200 1010.7 2 5
 20090621 1200 1011.1 2 5
 20090622 1200 1010.7 2 5
 20090623 1200 1010.3 2 5
 20090624 1200 1010.0 2 5
 20090625 1200 1010.1 2 5
 20090626 1200 1010.0 2 5
 20090627 1200 1010.3 2 5
 20090628 1200 1010.0 2 5
 20090629 1200 1009.5 2 5
 20090630 1200 1009.2 2 5
 20090701 1200 1009.1 2 5
 20090702 1200 1010.1 2 5
 20090703 1200 1010.8 2 5
 20090704 1200 1010.6 2 5
 20090705 1200 1009.9 2 5
 20090706 1200 1009.2 2 5
 20090707 1200 1009.7 2 5
 20090708 1200 1009.8 2 5
 20090709 1200 1009.9 2 5
 20090710 1200 1010.1 2 5
 20090711 1200 1010.2 2 5
 20090712 1200 1010.2 2 5
 20090713 1200 1009.2 2 5
 20090714 1200 1009.2 2 5
 20090715 1200 1008.6 2 5
 20090716 1200 1008.3 2 5
 20090717 1200 1009.7 2 5
 20090718 1200 1009.9 2 5
 20090719 1200 1010.3 2 5
 20090720 1200 1010.5 2 5
 20090721 1200 1010.1 2 5
 20090722 1200 1009.5 2 5
 20090723 1200 1009.6 2 5
 20090724 1200 1009.4 2 5
 20090725 1200 1008.3 2 5
 20090726 1200 1008.9 2 5
 20090727 1200 1009.7 2 5
 20090728 1200 1010.2 2 5
 20090729 1200 1009.7 2 5
 20090730 1200 1009.4 2 5
 20090731 1200 1010.0 2 5
 20090801 1200 1010.5 2 5
 20090802 1200 1010.9 2 5
 20090803 1200 1010.6 2 5
 20090804 1200 1010.5 2 5
 20090805 1200 1010.7 2 5
 20090806 1200 1010.6 2 5
 20090807 1200 1010.6 2 5
 20090808 1200 1011.1 2 5
 20090809 1200 1011.4 2 5
 20090810 1200 1011.2 2 5
 20090811 1200 1011.7 2 5
 20090812 1200 1012.1 2 5
 20090813 1200 1011.7 2 5
 20090814 1200 1011.1 2 5
 20090815 1200 1011.8 2 5
 20090816 1200 1010.8 2 5
 20090817 1200 1011.8 2 5
 20090818 1200 1011.7 2 5
 20090819 1200 1010.5 2 5
 20090820 1200 1009.5 2 5
 20090821 1200 1009.6 2 5
 20090822 1200 1010.1 2 5
 20090823 1200 1010.2 2 5
 20090824 1200 1010.4 2 5
 20090825 1200 1011.1 2 5
 20090826 1200 1010.0 2 5
 20090827 1200 1009.8 2 5
 20090828 1200 1010.6 2 5
 20090829 1200 1012.1 2 5
 20090830 1200 1011.3 2 5
 20090831 1200 1009.6 2 5
 20090901 1200 1009.2 2 5
 20090902 1200 1010.2 2 5
 20090903 1200 1010.2 2 5
 20090904 1200 1009.9 2 5
 20090905 1200 1009.4 2 5
 20090906 1200 1009.7 2 5
 20090907 1200 1010.4 2 5
 20090908 1200 1010.9 2 5
 20090909 1200 1010.8 2 5
 20090910 1200 1011.0 2 5
 20090911 1200 1012.1 2 5
 20090912 1200 1012.6 2 5
 20090913 1200 1011.5 2 5
 20090914 1200 1011.0 2 5
 20090915 1200 1011.4 2 5
 20090916 1200 1011.2 2 5
 20090917 1200 1010.9 2 5
 20090918 1200 1009.9 2 5
 20090919 1200 1008.7 2 5
 20090920 1200 1009.0 2 5
 20090921 1200 1009.7 2 5
 20090922 1200 1009.9 2 5
 20090923 1200 1009.4 2 5
 20090924 1200 1009.1 2 5
 20090925 1200 1008.4 2 5
 20090926 1200 1007.7 2 5
 20090927 1200 1008.3 2 5
 20090928 1200 1009.3 2 5
 20090929 1200 1010.8 2 5
 20090930 1200 1010.6 2 5
 20091001 1200 1010.3 2 5
 20091002 1200 1010.5 2 5
 20091003 1200 1010.6 2 5
 20091004 1200 1010.0 2 5
 20091005 1200 1009.9 2 5
 20091006 1200 1010.3 2 5
 20091007 1200 1010.6 2 5
 20091008 1200 1011.4 2 5
 20091009 1200 1011.5 2 5
 20091010 1200 1011.3 2 5
 20091011 1200 1011.7 2 5
 20091012 1200 1011.4 2 5
 20091013 1200 1011.2 2 5
 20091014 1200 1011.2 2 5
 20091015 1200 1011.0 2 5
 20091016 1200 1009.7 2 5
 20091017 1200 1009.2 2 5
 20091018 1200 1010.1 2 5
 20091019 1200 1010.9 2 5
 20091020 1200 1010.3 2 5
 20091021 1200 1009.3 2 5
 20091022 1200 1009.7 2 5
 20091023 1200 1009.1 2 5
 20091024 1200 1008.5 2 5
 20091025 1200 1008.8 2 5
 20091026 1200 1009.3 2 5
 20091027 1200 1009.8 2 5
 20091028 1200 1009.9 2 5
 20091029 1200 1010.7 2 5
 20091030 1200 1011.2 2 5
 20091031 1200 1010.4 2 5
 20091101 1200 1010.1 2 5
 20091102 1200 1010.1 2 5
 20091103 1200 1011.4 2 5
 20091104 1200 1011.8 2 5
 20091105 1200 1011.5 2 5
 20091106 1200 1010.9 2 5
 20091107 1200 1009.8 2 5
 20091108 1200 1008.8 2 5
 20091109 1200 1006.5 2 5
 20091110 1200 1006.1 2 5
 20091111 1200 1008.2 2 5
 20091112 1200 1008.2 2 5
 20091113 1200 1008.0 2 5
 20091114 1200 1007.1 2 5
 20091115 1200 1007.9 2 5
 20091116 1200 1008.0 2 5
 20091117 1200 1007.4 2 5
 20091118 1200 1006.2 2 5
 20091119 1200 1006.2 2 5
 20091120 1200 1006.6 2 5
 20091121 1200 1007.7 2 5
 20091122 1200 1008.0 2 5
 20091123 1200 1008.2 2 5
 20091124 1200 1007.4 2 5
 20091125 1200 1007.0 2 5
 20091126 1200 1007.8 2 5
 20091127 1200 1009.4 2 5
 20091128 1200 1008.7 2 5
 20091129 1200 1008.0 2 5
 20091130 1200 1007.9 2 5
 20091201 1200 1007.7 2 5
 20091202 1200 1007.9 2 5
 20091203 1200 1008.0 2 5
 20091204 1200 1009.1 2 5
 20091205 1200 1010.0 2 5
 20091206 1200 1009.8 2 5
 20091207 1200 1009.1 2 5
 20091208 1200 1009.2 2 5
 20091209 1200 1008.8 2 5
 20091210 1200 1007.6 2 5
 20091211 1200 1006.2 2 5
 20091212 1200 1006.2 2 5
 20091213 1200 1006.7 2 5
 20091214 1200 1006.9 2 5
 20091215 1200 1007.6 2 5
 20091216 1200 1009.7 2 5
 20091217 1200 1009.7 2 5
 20091218 1200 1010.3 2 5
 20091219 1200 1010.4 2 5
 20091220 1200 1009.7 2 5
 20091221 1200 1010.4 2 5
 20091222 1200 1010.4 2 5
 20091223 1200 1009.9 2 5
 20091224 1200 1009.8 2 5
 20091225 1200 1010.0 2 5
 20091226 1200 1009.5 2 5
 20091227 1200 1009.4 2 5
 20091228 1200 1010.3 2 5
 20091229 1200 1010.0 2 5
 20091230 1200 1008.7 2 5
 20091231 1200 1007.8 2 5
 20100101 1200 1007.2 2 5
 20100102 1200 1007.7 2 5
 20100103 1200 1006.2 2 5
 20100104 1200 1006.1 2 5
 20100105 1200 1006.8 2 5
 20100106 1200 1007.8 2 5
 20100107 1200 1008.6 2 5
 20100108 1200 1007.6 2 5
 20100109 1200 1007.4 2 5
 20100110 1200 1007.2 2 5
 20100111 1200 1008.4 2 5
 20100112 1200 1008.4 2 5
 20100113 1200 1008.9 2 5
 20100114 1200 1010.4 2 5
 20100115 1200 1009.6 2 5
 20100116 1200 1008.3 2 5
 20100117 1200 1007.5 2 5
 20100118 1200 1007.6 2 5
 20100119 1200 1007.7 2 5
 20100120 1200 1007.2 2 5
 20100121 1200 1009.1 2 5
 20100122 1200 1009.0 2 5
 20100123 1200 1008.8 2 5
 20100124 1200 1009.0 2 5
 20100125 1200 1007.6 2 5
 20100126 1200 1006.5 2 5
 20100127 1200 1005.7 2 5
 20100128 1200 1006.2 2 5
 20100129 1200 1006.6 2 5
 20100130 1200 1004.9 2 5
 20100131 1200 1004.1 2 5
 20100201 1200 1003.8 2 5
 20100202 1200 1005.4 2 5
 20100203 1200 1006.6 2 5
 20100204 1200 1007.6 2 5
 20100205 1200 1009.1 2 5
 20100206 1200 1009.7 2 5
 20100207 1200 1009.2 2 5
 20100208 1200 1009.1 2 5
 20100209 1200 1009.5 2 5
 20100210 1200 1008.6 2 5
 20100211 1200 1008.2 2 5
 20100212 1200 1008.3 2 5
 20100213 1200 1007.9 2 5
 20100214 1200 1008.1 2 5
 20100215 1200 1009.2 2 5
 20100216 1200 1009.1 2 5
 20100217 1200 1007.9 2 5
 20100218 1200 1008.7 2 5
 20100219 1200 1010.1 2 5
 20100220 1200 1011.3 2 5
 20100221 1200 1012.7 2 5
 20100222 1200 1011.2 2 5
 20100223 1200 1009.6 2 5
 20100224 1200 1009.1 2 5
 20100225 1200 1008.9 2 5
 20100226 1200 1009.6 2 5
 20100227 1200 1008.9 2 5
 20100228 1200 1008.2 2 5
 20100301 1200 1008.7 2 5
 20100302 1200 1008.6 2 5
 20100303 1200 1009.1 2 5
 20100304 1200 1008.6 2 5
 20100305 1200 1008.4 2 5
 20100306 1200 1008.6 2 5
 20100307 1200 1008.9 2 5
 20100308 1200 1009.1 2 5
 20100309 1200 1010.6 2 5
 20100310 1200 1010.9 2 5
 20100311 1200 1010.4 2 5
 20100312 1200 1009.5 2 5
 20100313 1200 1009.6 2 5
 20100314 1200 1010.0 2 5
 20100315 1200 1008.9 2 5
 20100316 1200 1008.7 2 5
 20100317 1200 1009.2 2 5
 20100318 1200 1010.5 2 5
 20100319 1200 1009.7 2 5
 20100320 1200 1008.8 2 5
 20100321 1200 1009.5 2 5
 20100322 1200 1008.9 2 5
 20100323 1200 1008.8 2 5
 20100324 1200 1009.4 2 5
 20100325 1200 1008.4 2 5
 20100326 1200 1007.1 2 5
 20100327 1200 1007.2 2 5
 20100328 1200 1009.4 2 5
 20100329 1200 1009.4 2 5
 20100330 1200 1008.9 2 5
 20100331 1200 1008.1 2 5
 20100401 1200 1008.0 2 5
 20100402 1200 1008.9 2 5
 20100403 1200 1008.9 2 5
 20100404 1200 1008.1 2 5
 20100405 1200 1008.8 2 5
 20100406 1200 1010.1 2 5
 20100407 1200 1009.1 2 5
 20100408 1200 1009.6 2 5
 20100409 1200 1009.3 2 5
 20100410 1200 1009.4 2 5
 20100411 1200 1011.3 2 5
 20100412 1200 1010.2 2 5
 20100413 1200 1009.3 2 5
 20100414 1200 1008.7 2 5
 20100415 1200 1009.4 2 5
 20100416 1200 1010.9 2 5
 20100417 1200 1011.1 2 5
 20100418 1200 1009.3 2 5
 20100419 1200 1008.5 2 5
 20100420 1200 1009.7 2 5
 20100421 1200 1010.1 2 5
 20100422 1200 1009.7 2 5
 20100423 1200 1009.4 2 5
 20100424 1200 1011.1 2 5
 20100425 1200 1012.4 2 5
 20100426 1200 1012.9 2 5
 20100427 1200 1012.8 2 5
 20100428 1200 1013.3 2 5
 20100429 1200 1013.3 2 5
 20100430 1200 1013.8 2 5
 20100501 1200 1012.5 2 5
 20100502 1200 1011.7 2 5
 20100503 1200 1011.5 2 5
 20100504 1200 1010.5 2 5
 20100505 1200 1008.6 2 5
 20100506 1200 1007.5 2 5
 20100507 1200 1007.0 2 5
 20100508 1200 1007.6 2 5
 20100509 1200 1007.8 2 5
 20100510 1200 1008.1 2 5
 20100511 1200 1008.7 2 5
 20100512 1200 1008.8 2 5
 20100513 1200 1008.5 2 5
 20100514 1200 1009.0 2 5
 20100515 1200 1009.2 2 5
 20100516 1200 1010.2 2 5
 20100517 1200 1010.7 2 5
 20100518 1200 1010.8 2 5
 20100519 1200 1010.1 2 5
 20100520 1200 1009.6 2 5
 20100521 1200 1009.1 2 5
 20100522 1200 1010.3 2 5
 20100523 1200 1011.3 2 5
 20100524 1200 1011.2 2 5
 20100525 1200 1011.8 2 5
 20100526 1200 1012.3 2 5
 20100527 1200 1012.9 2 5
 20100528 1200 1012.4 2 5
 20100529 1200 1012.5 2 5
 20100530 1200 1012.3 2 5
 20100531 1200 1012.2 2 5
 20100601 1200 1013.0 2 5
 20100602 1200 1012.4 2 5
 20100603 1200 1011.4 2 5
 20100604 1200 1010.6 2 5
 20100605 1200 1012.5 2 5
 20100606 1200 1012.9 2 5
 20100607 1200 1012.2 2 5
 20100608 1200 1012.3 2 5
 20100609 1200 1012.0 2 5
 20100610 1200 1012.2 2 5
 20100611 1200 1012.6 2 5
 20100612 1200 1012.9 2 5
 20100613 1200 1012.5 2 5
 20100614 1200 1012.5 2 5
 20100615 1200 1012.5 2 5
 20100616 1200 1011.7 2 5
 20100617 1200 1012.1 2 5
 20100618 1200 1012.2 2 5
 20100619 1200 1013.3 2 5
 20100620 1200 1014.3 2 5
 20100621 1200 1012.4 2 5
 20100622 1200 1011.0 2 5
 20100623 1200 1010.3 2 5
 20100624 1200 1010.6 2 5
 20100625 1200 1011.3 2 5
 20100626 1200 1011.2 2 5
 20100627 1200 1012.9 2 5
 20100628 1200 1012.0 2 5
 20100629 1200 1011.4 2 5
 20100630 1200 1011.8 2 5
 20100701 1200 1011.7 2 5
 20100702 1200 1011.7 2 5
 20100703 1200 1012.6 2 5
 20100704 1200 1013.0 2 5
 20100705 1200 1012.9 2 5
 20100706 1200 1012.6 2 5
 20100707 1200 1010.9 2 5
 20100708 1200 1010.7 2 5
 20100709 1200 1011.9 2 5
 20100710 1200 1012.3 2 5
 20100711 1200 1012.4 2 5
 20100712 1200 1012.3 2 5
 20100713 1200 1013.4 2 5
 20100714 1200 1012.8 2 5
 20100715 1200 1012.7 2 5
 20100716 1200 1012.5 2 5
 20100717 1200 1011.9 2 5
 20100718 1200 1012.5 2 5
 20100719 1200 1012.8 2 5
 20100720 1200 1012.5 2 5
 20100721 1200 1012.6 2 5
 20100722 1200 1012.1 2 5
 20100723 1200 1011.8 2 5
 20100724 1200 1012.3 2 5
 20100725 1200 1013.4 2 5
 20100726 1200 1013.8 2 5
 20100727 1200 1012.7 2 5
 20100728 1200 1012.5 2 5
 20100729 1200 1012.9 2 5
 20100730 1200 1012.5 2 5
 20100731 1200 1011.6 2 5
 20100801 1200 1010.3 2 5
 20100802 1200 1010.1 2 5
 20100803 1200 1011.2 2 5
 20100804 1200 1012.6 2 5
 20100805 1200 1013.4 2 5
 20100806 1200 1013.3 2 5
 20100807 1200 1012.7 2 5
 20100808 1200 1012.9 2 5
 20100809 1200 1012.6 2 5
 20100810 1200 1012.1 2 5
 20100811 1200 1012.2 2 5
 20100812 1200 1012.6 2 5
 20100813 1200 1013.0 2 5
 20100814 1200 1013.3 2 5
 20100815 1200 1013.8 2 5
 20100816 1200 1013.6 2 5
 20100817 1200 1013.7 2 5
 20100818 1200 1013.7 2 5
 20100819 1200 1013.5 2 5
 20100820 1200 1012.5 2 5
 20100821 1200 1012.0 2 5
 20100822 1200 1011.9 2 5
 20100823 1200 1012.6 2 5
 20100824 1200 1013.0 2 5
 20100825 1200 1012.8 2 5
 20100826 1200 1012.7 2 5
 20100827 1200 1012.8 2 5
 20100828 1200 1012.9 2 5
 20100829 1200 1012.6 2 5
 20100830 1200 1013.6 2 5
 20100831 1200 1014.9 2 5
 20100901 1200 1015.1 2 5
 20100902 1200 1014.7 2 5
 20100903 1200 1014.4 2 5
 20100904 1200 1013.7 2 5
 20100905 1200 1012.9 2 5
 20100906 1200 1012.9 2 5
 20100907 1200 1013.2 2 5
 20100908 1200 1013.4 2 5
 20100909 1200 1012.6 2 5
 20100910 1200 1012.6 2 5
 20100911 1200 1012.6 2 5
 20100912 1200 1013.0 2 5
 20100913 1200 1013.5 2 5
 20100914 1200 1013.1 2 5
 20100915 1200 1012.5 2 5
 20100916 1200 1012.7 2 5
 20100917 1200 1012.1 2 5
 20100918 1200 1012.1 2 5
 20100919 1200 1013.0 2 5
 20100920 1200 1013.3 2 5
 20100921 1200 1013.5 2 5
 20100922 1200 1012.9 2 5
 20100923 1200 1012.6 2 5
 20100924 1200 1012.8 2 5
 20100925 1200 1012.6 2 5
 20100926 1200 1011.7 2 5
 20100927 1200 1011.2 2 5
 20100928 1200 1011.6 2 5
 20100929 1200 1012.1 2 5
 20100930 1200 1012.4 2 5
 20101001 1200 1013.2 2 5
 20101002 1200 1013.1 2 5
 20101003 1200 1012.6 2 5
 20101004 1200 1012.3 2 5
 20101005 1200 1012.4 2 5
 20101006 1200 1012.2 2 5
 20101007 1200 1011.3 2 5
 20101008 1200 1010.7 2 5
 20101009 1200 1011.2 2 5
 20101010 1200 1011.9 2 5
 20101011 1200 1010.7 2 5
 20101012 1200 1010.1 2 5
 20101013 1200 1011.8 2 5
 20101014 1200 1013.2 2 5
 20101015 1200 1013.8 2 5
 20101016 1200 1013.3 2 5
 20101017 1200 1013.1 2 5
 20101018 1200 1013.5 2 5
 20101019 1200 1013.0 2 5
 20101020 1200 1012.7 2 5
 20101021 1200 1014.1 2 5
 20101022 1200 1013.5 2 5
 20101023 1200 1013.1 2 5
 20101024 1200 1012.1 2 5
 20101025 1200 1011.1 2 5
 20101026 1200 1010.5 2 5
 20101027 1200 1010.9 2 5
 20101028 1200 1011.3 2 5
 20101029 1200 1013.2 2 5
 20101030 1200 1012.3 2 5
 20101031 1200 1011.9 2 5
 20101101 1200 1012.6 2 5
 20101102 1200 1013.2 2 5
 20101103 1200 1013.0 2 5
 20101104 1200 1012.0 2 5
 20101105 1200 1011.2 2 5
 20101106 1200 1011.3 2 5
 20101107 1200 1012.4 2 5
 20101108 1200 1012.5 2 5
 20101109 1200 1011.6 2 5
 20101110 1200 1010.3 2 5
 20101111 1200 1012.4 2 5
 20101112 1200 1013.6 2 5
 20101113 1200 1013.5 2 5
 20101114 1200 1013.4 2 5
 20101115 1200 1012.4 2 5
 20101116 1200 1012.9 2 5
 20101117 1200 1012.3 2 5
 20101118 1200 1012.1 2 5
 20101119 1200 1012.3 2 5
 20101120 1200 1012.2 2 5
 20101121 1200 1012.3 2 5
 20101122 1200 1012.4 2 5
 20101123 1200 1011.5 2 5
 20101124 1200 1010.2 2 5
 20101125 1200 1010.1 2 5
 20101126 1200 1010.2 2 5
 20101127 1200 1010.2 2 5
 20101128 1200 1009.8 2 5
 20101129 1200 1010.7 2 5
 20101130 1200 1010.8 2 5
 20101201 1200 1011.2 2 5
 20101202 1200 1011.4 2 5
 20101203 1200 1010.9 2 5
 20101204 1200 1009.7 2 5
 20101205 1200 1010.5 2 5
 20101206 1200 1010.8 2 5
 20101207 1200 1011.6 2 5
 20101208 1200 1010.7 2 5
 20101209 1200 1010.2 2 5
 20101210 1200 1010.4 2 5
 20101211 1200 1011.1 2 5
 20101212 1200 1010.6 2 5
 20101213 1200 1010.5 2 5
 20101214 1200 1010.6 2 5
 20101215 1200 1010.9 2 5
 20101216 1200 1010.8 2 5
 20101217 1200 1011.1 2 5
 20101218 1200 1010.9 2 5
 20101219 1200 1010.1 2 5
 20101220 1200 1008.9 2 5
 20101221 1200 1009.8 2 5
 20101222 1200 1011.2 2 5
 20101223 1200 1010.8 2 5
 20101224 1200 1010.6 2 5
 20101225 1200 1010.7 2 5
 20101226 1200 1010.4 2 5
 20101227 1200 1010.5 2 5
 20101228 1200 1010.1 2 5
 20101229 1200 1010.6 2 5
 20101230 1200 1010.4 2 5
 20101231 1200 1010.6 2 5
 20110101 1200 1009.8 2 5
 20110102 1200 1010.1 2 5
 20110103 1200 1010.6 2 5
 20110104 1200 1010.7 2 5
 20110105 1200 1010.6 2 5
 20110106 1200 1010.8 2 5
 20110107 1200 1010.2 2 5
 20110108 1200 1009.5 2 5
 20110109 1200 1008.3 2 5
 20110110 1200 1007.8 2 5
 20110111 1200 1007.6 2 5
 20110112 1200 1008.2 2 5
 20110113 1200 1010.1 2 5
 20110114 1200 1011.2 2 5
 20110115 1200 1011.3 2 5
 20110116 1200 1010.7 2 5
 20110117 1200 1010.4 2 5
 20110118 1200 1010.7 2 5
 20110119 1200 1010.4 2 5
 20110120 1200 1009.7 2 5
 20110121 1200 1009.4 2 5
 20110122 1200 1008.2 2 5
 20110123 1200 1009.3 2 5
 20110124 1200 1010.1 2 5
 20110125 1200 1010.9 2 5
 20110126 1200 1011.4 2 5
 20110127 1200 1010.7 2 5
 20110128 1200 1012.2 2 5
 20110129 1200 1012.6 2 5
 20110130 1200 1013.1 2 5
 20110131 1200 1012.6 2 5
 20110201 1200 1011.6 2 5
 20110202 1200 1011.0 2 5
 20110203 1200 1011.7 2 5
 20110204 1200 1012.4 2 5
 20110205 1200 1013.0 2 5
 20110206 1200 1011.5 2 5
 20110207 1200 1011.1 2 5
 20110208 1200 1010.1 2 5
 20110209 1200 1010.2 2 5
 20110210 1200 1010.2 2 5
 20110211 1200 1010.2 2 5
 20110212 1200 1010.5 2 5
 20110213 1200 1010.6 2 5
 20110214 1200 1011.6 2 5
 20110215 1200 1012.2 2 5
 20110216 1200 1012.0 2 5
 20110217 1200 1011.4 2 5
 20110218 1200 1011.2 2 5
 20110219 1200 1012.0 2 5
 20110220 1200 1010.8 2 5
 20110221 1200 1010.1 2 5
 20110222 1200 1010.3 2 5
 20110223 1200 1010.5 2 5
 20110224 1200 1010.7 2 5
 20110225 1200 1010.8 2 5
 20110226 1200 1011.2 2 5
 20110227 1200 1010.8 2 5
 20110228 1200 1010.8 2 5
 20110301 1200 1010.9 2 5
 20110302 1200 1010.8 2 5
 20110303 1200 1010.1 2 5
 20110304 1200 1009.7 2 5
 20110305 1200 1010.3 2 5
 20110306 1200 1010.6 2 5
 20110307 1200 1011.5 2 5
 20110308 1200 1011.5 2 5
 20110309 1200 1011.8 2 5
 20110310 1200 1012.9 2 5
 20110311 1200 1013.0 2 5
 20110312 1200 1011.9 2 5
 20110313 1200 1011.6 2 5
 20110314 1200 1011.1 2 5
 20110315 1200 1010.8 2 5
 20110316 1200 1010.9 2 5
 20110317 1200 1010.7 2 5
 20110318 1200 1010.3 2 5
 20110319 1200 1011.1 2 5
 20110320 1200 1010.8 2 5
 20110321 1200 1009.8 2 5
 20110322 1200 1009.2 2 5
 20110323 1200 1008.3 2 5
 20110324 1200 1008.4 2 5
 20110325 1200 1009.4 2 5
 20110326 1200 1010.0 2 5
 20110327 1200 1009.6 2 5
 20110328 1200 1009.7 2 5
 20110329 1200 1009.8 2 5
 20110330 1200 1010.9 2 5
 20110331 1200 1011.0 2 5
 20110401 1200 1010.3 2 5
 20110402 1200 1010.6 2 5
 20110403 1200 1011.9 2 5
 20110404 1200 1011.2 2 5
 20110405 1200 1010.4 2 5
 20110406 1200 1010.9 2 5
 20110407 1200 1012.2 2 5
 20110408 1200 1011.7 2 5
 20110409 1200 1010.7 2 5
 20110410 1200 1011.7 2 5
 20110411 1200 1012.0 2 5
 20110412 1200 1011.3 2 5
 20110413 1200 1010.5 2 5
 20110414 1200 1010.9 2 5
 20110415 1200 1011.0 2 5
 20110416 1200 1009.8 2 5
 20110417 1200 1009.9 2 5
 20110418 1200 1010.4 2 5
 20110419 1200 1011.0 2 5
 20110420 1200 1010.6 2 5
 20110421 1200 1010.8 2 5
 20110422 1200   -9.9 0 0
 20110423 1200 1010.6 2 5
 20110424 1200 1010.5 2 5
 20110425 1200 1010.9 2 5
 20110426 1200 1010.3 2 5
 20110427 1200 1008.8 2 5
 20110428 1200 1009.0 2 5
 20110429 1200 1009.2 2 5
 20110430 1200 1008.5 2 5
 20110501 1200 1007.4 2 5
 20110502 1200 1007.9 2 5
 20110503 1200 1008.7 2 5
 20110504 1200 1009.5 2 5
 20110505 1200 1008.7 2 5
 20110506 1200 1008.1 2 5
 20110507 1200 1008.6 2 5
 20110508 1200 1009.7 2 5
 20110509 1200 1010.4 2 5
 20110510 1200 1010.0 2 5
 20110511 1200 1009.0 2 5
 20110512 1200 1010.1 2 5
 20110513 1200 1011.6 2 5
 20110514 1200 1012.2 2 5
 20110515 1200 1013.3 2 5
 20110516 1200 1013.2 2 5
 20110517 1200 1012.2 2 5
 20110518 1200 1011.9 2 5
 20110519 1200 1012.2 2 5
 20110520 1200 1011.9 2 5
 20110521 1200 1011.4 2 5
 20110522 1200 1010.3 2 5
 20110523 1200 1010.6 2 5
 20110524 1200 1010.8 2 5
 20110525 1200 1010.6 2 5
 20110526 1200 1009.5 2 5
 20110527 1200 1009.9 2 5
 20110528 1200 1010.1 2 5
 20110529 1200 1010.6 2 5
 20110530 1200 1010.8 2 5
 20110531 1200 1011.5 2 5
 20110601 1200 1011.5 2 5
 20110602 1200 1011.5 2 5
 20110603 1200 1011.6 2 5
 20110604 1200 1012.2 2 5
 20110605 1200 1012.5 2 5
 20110606 1200 1012.0 2 5
 20110607 1200 1010.1 2 5
 20110608 1200 1009.6 2 5
 20110609 1200 1008.6 2 5
 20110610 1200 1008.0 2 5
 20110611 1200 1009.0 2 5
 20110612 1200 1009.2 2 5
 20110613 1200 1010.2 2 5
 20110614 1200 1011.5 2 5
 20110615 1200 1011.0 2 5
 20110616 1200 1011.1 2 5
 20110617 1200 1011.3 2 5
 20110618 1200 1012.0 2 5
 20110619 1200 1012.0 2 5
 20110620 1200 1010.1 2 5
 20110621 1200 1009.9 2 5
 20110622 1200 1010.3 2 5
 20110623 1200 1010.7 2 5
 20110624 1200 1010.1 2 5
 20110625 1200 1008.3 2 5
 20110626 1200 1008.0 2 5
 20110627 1200 1008.7 2 5
 20110628 1200 1010.3 2 5
 20110629 1200 1009.9 2 5
 20110630 1200 1010.1 2 5
 20110701 1200 1010.9 2 5
 20110702 1200 1011.0 2 5
 20110703 1200 1010.8 2 5
 20110704 1200 1010.0 2 5
 20110705 1200 1009.7 2 5
 20110706 1200 1009.5 2 5
 20110707 1200 1009.2 2 5
 20110708 1200 1009.2 2 5
 20110709 1200 1009.8 2 5
 20110710 1200 1012.0 2 5
 20110711 1200 1012.9 2 5
 20110712 1200 1013.0 2 5
 20110713 1200 1012.9 2 5
 20110714 1200 1012.7 2 5
 20110715 1200 1012.0 2 5
 20110716 1200 1010.8 2 5
 20110717 1200 1010.6 2 5
 20110718 1200 1010.3 2 5
 20110719 1200 1009.3 2 5
 20110720 1200 1008.7 2 5
 20110721 1200 1008.4 2 5
 20110722 1200 1008.5 2 5
 20110723 1200 1008.6 2 5
 20110724 1200 1010.6 2 5
 20110725 1200 1012.0 2 5
 20110726 1200 1011.6 2 5
 20110727 1200 1010.7 2 5
 20110728 1200 1011.7 2 5
 20110729 1200 1012.0 2 5
 20110730 1200 1011.7 2 5
 20110731 1200 1011.3 2 5
 20110801 1200 1010.7 2 5
 20110802 1200 1009.3 2 5
 20110803 1200 1008.7 2 5
 20110804 1200 1008.6 2 5
 20110805 1200 1009.3 2 5
 20110806 1200 1011.2 2 5
 20110807 1200 1011.9 2 5
 20110808 1200 1011.9 2 5
 20110809 1200 1011.3 2 5
 20110810 1200 1011.1 2 5
 20110811 1200 1010.9 2 5
 20110812 1200 1012.2 2 5
 20110813 1200 1013.3 2 5
 20110814 1200 1012.0 2 5
 20110815 1200 1010.5 2 5
 20110816 1200 1010.9 2 5
 20110817 1200 1011.3 2 5
 20110818 1200 1012.3 2 5
 20110819 1200 1012.1 2 5
 20110820 1200 1011.5 2 5
 20110821 1200 1011.8 2 5
 20110822 1200 1012.9 2 5
 20110823 1200 1013.3 2 5
 20110824 1200 1013.9 2 5
 20110825 1200 1014.2 2 5
 20110826 1200 1013.4 2 5
 20110827 1200 1011.9 2 5
 20110828 1200 1011.4 2 5
 20110829 1200 1011.4 2 5
 20110830 1200 1011.0 2 5
 20110831 1200 1011.1 2 5
 20110901 1200   -9.9 0 0
 20110902 1200   -9.9 0 0
 20110903 1200 1013.0 2 1
 20110904 1200 1012.2 2 1
 20110905 1200 1012.3 2 1
 20110906 1200 1012.9 2 1
 20110907 1200 1012.8 2 1
 20110908 1200 1012.5 2 1
 20110909 1200 1013.2 2 1
 20110910 1200 1013.2 2 1
 20110911 1200 1011.5 2 1
 20110912 1200 1012.0 2 1
 20110913 1200 1011.8 2 1
 20110914 1200 1012.2 2 1
 20110915 1200 1013.3 2 1
 20110916 1200 1014.0 2 1
 20110917 1200 1014.4 2 1
 20110918 1200 1013.7 2 1
 20110919 1200 1012.0 2 1
 20110920 1200 1010.7 2 1
 20110921 1200 1011.1 2 1
 20110922 1200 1011.7 2 1
 20110923 1200 1012.9 2 1
 20110924 1200 1013.0 2 1
 20110925 1200 1012.2 2 1
 20110926 1200 1011.6 2 1
 20110927 1200 1011.2 2 1
 20110928 1200 1011.5 2 1
 20110929 1200 1012.1 2 1
 20110930 1200 1012.3 2 1
 20111001 1200 1012.3 2 1
 20111002 1200 1012.2 2 1
 20111003 1200 1012.3 2 1
 20111004 1200 1012.5 2 1
 20111005 1200 1012.1 2 1
 20111006 1200 1011.8 2 1
 20111007 1200 1011.9 2 1
 20111008 1200 1012.8 2 1
 20111009 1200 1013.4 2 1
 20111010 1200 1013.0 2 1
 20111011 1200 1013.1 2 1
 20111012 1200 1012.8 2 1
 20111013 1200 1013.1 2 1
 20111014 1200 1012.7 2 1
 20111015 1200 1013.2 2 1
 20111016 1200 1013.3 2 1
 20111017 1200 1014.4 2 1
 20111018 1200 1014.1 2 1
 20111019 1200 1012.9 2 1
 20111020 1200 1012.7 2 1
 20111021 1200 1012.8 2 1
 20111022 1200 1012.7 2 1
 20111023 1200 1010.4 2 1
 20111024 1200 1009.2 2 1
 20111025 1200 1009.7 2 1
 20111026 1200 1010.5 2 1
 20111027 1200 1010.9 2 1
 20111028 1200 1010.1 2 1
 20111029 1200 1010.5 2 1
 20111030 1200 1010.3 2 1
 20111031 1200 1009.3 2 1
 20111101 1200 1009.3 2 1
 20111102 1200 1010.1 2 1
 20111103 1200 1010.1 2 1
 20111104 1200 1010.5 2 1
 20111105 1200 1010.5 2 1
 20111106 1200 1010.4 2 1
 20111107 1200 1011.0 2 1
 20111108 1200 1010.6 2 1
 20111109 1200 1011.5 2 1
 20111110 1200 1011.5 2 1
 20111111 1200 1011.8 2 1
 20111112 1200 1012.0 2 1
 20111113 1200 1011.8 2 1
 20111114 1200 1011.5 2 1
 20111115 1200 1011.8 2 1
 20111116 1200 1011.5 2 1
 20111117 1200 1011.6 2 1
 20111118 1200 1011.9 2 1
 20111119 1200 1011.5 2 1
 20111120 1200 1010.5 2 1
 20111121 1200 1011.5 2 1
 20111122 1200 1012.2 2 1
 20111123 1200 1012.3 2 1
 20111124 1200 1011.6 2 1
 20111125 1200 1011.2 2 1
 20111126 1200 1011.7 2 1
 20111127 1200 1011.9 2 1
 20111128 1200 1010.6 2 1
 20111129 1200 1008.7 2 1
 20111130 1200 1009.8 2 1
 20111201 1200 1010.3 2 1
 20111202 1200 1010.4 2 1
 20111203 1200 1010.4 2 1
 20111204 1200 1011.0 2 1
 20111205 1200 1010.8 2 1
 20111206 1200 1009.9 2 1
 20111207 1200 1009.1 2 1
 20111208 1200 1009.5 2 1
 20111209 1200 1010.1 2 1
 20111210 1200 1010.8 2 1
 20111211 1200 1011.3 2 1
 20111212 1200 1011.3 2 1
 20111213 1200 1011.0 2 1
 20111214 1200 1011.5 2 1
 20111215 1200 1012.1 2 1
 20111216 1200 1011.8 2 1
 20111217 1200 1011.1 2 1
 20111218 1200 1011.1 2 1
 20111219 1200 1010.1 2 1
 20111220 1200 1010.1 2 1
 20111221 1200 1009.5 2 1
 20111222 1200 1008.5 2 1
 20111223 1200 1009.6 2 1
 20111224 1200 1010.9 2 1
 20111225 1200 1010.3 2 1
 20111226 1200 1010.3 2 1
 20111227 1200 1010.9 2 1
 20111228 1200 1011.1 2 1
 20111229 1200 1011.0 2 1
 20111230 1200 1010.6 2 1
 20111231 1200 1011.1 2 1
 20120101 1200 1011.6 2 1
 20120102 1200 1012.8 2 1
 20120103 1200 1013.4 2 1
 20120104 1200 1013.8 2 1
 20120105 1200 1013.0 2 1
 20120106 1200 1011.4 2 1
 20120107 1200 1011.0 2 1
 20120108 1200 1011.5 2 1
 20120109 1200 1012.0 2 1
 20120110 1200 1011.0 2 1
 20120111 1200 1010.4 2 1
 20120112 1200 1010.3 2 1
 20120113 1200 1010.2 2 1
 20120114 1200 1010.3 2 1
 20120115 1200 1010.9 2 1
 20120116 1200 1011.9 2 1
 20120117 1200 1011.4 2 1
 20120118 1200 1010.5 2 1
 20120119 1200 1010.5 2 1
 20120120 1200 1010.5 2 1
 20120121 1200 1010.9 2 1
 20120122 1200 1010.5 2 1
 20120123 1200 1010.1 2 1
 20120124 1200 1010.4 2 1
 20120125 1200 1010.5 2 1
 20120126 1200 1009.9 2 1
 20120127 1200 1009.3 2 1
 20120128 1200 1009.6 2 1
 20120129 1200 1010.6 2 1
 20120130 1200 1010.4 2 1
 20120131 1200 1008.9 2 1
 20120201 1200 1008.4 2 1
 20120202 1200 1009.5 2 1
 20120203 1200 1009.7 2 1
 20120204 1200 1009.2 2 1
 20120205 1200 1009.7 2 1
 20120206 1200 1010.1 2 1
 20120207 1200 1011.6 2 1
 20120208 1200 1012.6 2 1
 20120209 1200 1013.5 2 1
 20120210 1200 1013.9 2 1
 20120211 1200 1013.4 2 1
 20120212 1200 1014.1 2 1
 20120213 1200 1013.5 2 1
 20120214 1200 1012.8 2 1
 20120215 1200 1012.6 2 1
 20120216 1200 1012.9 2 1
 20120217 1200 1012.7 2 1
 20120218 1200 1011.9 2 1
 20120219 1200 1010.8 2 1
 20120220 1200 1010.5 2 1
 20120221 1200 1011.0 2 1
 20120222 1200 1011.1 2 1
 20120223 1200 1010.5 2 1
 20120224 1200 1010.3 2 1
 20120225 1200 1010.1 2 1
 20120226 1200 1009.9 2 1
 20120227 1200 1009.6 2 1
 20120228 1200 1009.8 2 1
 20120229 1200 1009.8 2 1
 20120301 1200 1009.5 2 1
 20120302 1200 1009.3 2 1
 20120303 1200 1009.0 2 1
 20120304 1200 1008.2 2 1
 20120305 1200 1007.4 2 1
 20120306 1200 1006.8 2 1
 20120307 1200 1006.7 2 1
 20120308 1200 1006.7 2 1
 20120309 1200 1007.3 2 1
 20120310 1200 1007.4 2 1
 20120311 1200 1008.4 2 1
 20120312 1200 1008.5 2 1
 20120313 1200 1008.2 2 1
 20120314 1200 1008.6 2 1
 20120315 1200 1009.8 2 1
 20120316 1200 1010.9 2 1
 20120317 1200 1010.8 2 1
 20120318 1200 1009.9 2 1
 20120319 1200 1009.6 2 1
 20120320 1200 1009.5 2 1
 20120321 1200 1009.5 2 1
 20120322 1200 1009.5 2 1
 20120323 1200 1010.3 2 1
 20120324 1200 1010.7 2 1
 20120325 1200 1010.6 2 1
 20120326 1200 1010.2 2 1
 20120327 1200 1009.8 2 1
 20120328 1200 1008.8 2 1
 20120329 1200 1009.3 2 1
 20120330 1200 1009.1 2 1
 20120331 1200 1009.8 2 1
 20120401 1200 1011.1 2 1
 20120402 1200 1010.9 2 1
 20120403 1200 1010.7 2 1
 20120404 1200 1010.6 2 1
 20120405 1200 1009.9 2 1
 20120406 1200 1009.7 2 1
 20120407 1200 1010.3 2 1
 20120408 1200 1011.4 2 1
 20120409 1200 1011.8 2 1
 20120410 1200 1011.2 2 1
 20120411 1200   -9.9 0 0
 20120412 1200   -9.9 0 0
 20120413 1200 1011.5 2 1
 20120414 1200 1011.3 2 1
 20120415 1200 1011.2 2 1
 20120416 1200 1010.1 2 1
 20120417 1200 1009.5 2 1
 20120418 1200 1009.8 2 1
 20120419 1200 1010.0 2 1
 20120420 1200 1009.5 2 1
 20120421 1200 1008.5 2 1
 20120422 1200 1008.2 2 1
 20120423 1200 1009.2 2 1
 20120424 1200 1010.2 2 1
 20120425 1200 1010.5 2 1
 20120426 1200 1010.4 2 1
 20120427 1200 1010.8 2 1
 20120428 1200 1010.3 2 1
 20120429 1200 1009.3 2 1
 20120430 1200 1009.1 2 1
 20120501 1200 1009.0 2 1
 20120502 1200 1010.0 2 1
 20120503 1200 1010.0 2 1
 20120504 1200 1010.0 2 1
 20120505 1200 1010.4 2 1
 20120506 1200 1009.9 2 1
 20120507 1200 1009.6 2 1
 20120508 1200 1010.3 2 1
 20120509 1200 1010.8 2 1
 20120510 1200 1010.6 2 1
 20120511 1200 1009.9 2 1
 20120512 1200 1010.0 2 1
 20120513 1200 1009.7 2 1
 20120514 1200 1009.0 2 1
 20120515 1200 1008.1 2 1
 20120516 1200 1008.4 2 1
 20120517 1200 1010.1 2 1
 20120518 1200 1010.7 2 1
 20120519 1200 1010.4 2 1
 20120520 1200 1009.5 2 1
 20120521 1200 1010.0 2 1
 20120522 1200 1010.6 2 1
 20120523 1200 1009.9 2 1
 20120524 1200 1009.8 2 1
 20120525 1200 1009.3 2 1
 20120526 1200 1009.0 2 1
 20120527 1200 1008.9 2 1
 20120528 1200 1009.5 2 1
 20120529 1200 1009.7 2 1
 20120530 1200 1010.7 2 1
 20120531 1200 1011.0 2 1
 20120601 1200 1010.7 2 1
 20120602 1200 1011.4 2 1
 20120603 1200 1010.4 2 1
 20120604 1200 1009.5 2 1
 20120605 1200 1010.2 2 1
 20120606 1200 1009.9 2 1
 20120607 1200 1009.6 2 1
 20120608 1200 1009.2 2 1
 20120609 1200 1008.8 2 1
 20120610 1200 1009.0 2 1
 20120611 1200 1010.3 2 1
 20120612 1200 1011.9 2 1
 20120613 1200 1011.4 2 1
 20120614 1200 1010.3 2 1
 20120615 1200 1010.3 2 1
 20120616 1200 1010.6 2 1
 20120617 1200 1010.1 2 1
 20120618 1200 1008.9 2 1
 20120619 1200 1009.5 2 1
 20120620 1200 1010.7 2 1
 20120621 1200 1011.8 2 1
 20120622 1200 1011.4 2 1
 20120623 1200 1010.2 2 1
 20120624 1200 1010.6 2 1
 20120625 1200 1010.9 2 1
 20120626 1200 1010.1 2 1
 20120627 1200 1009.3 2 1
 20120628 1200 1009.7 2 1
 20120629 1200 1010.7 2 1
 20120630 1200 1010.4 2 1
 20120701 1200 1009.3 2 1
 20120702 1200 1008.9 2 1
 20120703 1200 1009.3 2 1
 20120704 1200 1009.0 2 1
 20120705 1200 1008.0 2 1
 20120706 1200 1008.0 2 1
 20120707 1200 1008.1 2 1
 20120708 1200 1008.1 2 1
 20120709 1200 1008.8 2 1
 20120710 1200 1009.8 2 1
 20120711 1200 1010.3 2 1
 20120712 1200 1010.0 2 1
 20120713 1200 1009.0 2 1
 20120714 1200 1009.1 2 1
 20120715 1200 1010.1 2 1
 20120716 1200 1010.3 2 1
 20120717 1200 1009.8 2 1
 20120718 1200 1009.2 2 1
 20120719 1200 1010.3 2 1
 20120720 1200 1010.8 2 1
 20120721 1200 1010.7 2 1
 20120722 1200 1009.3 2 1
 20120723 1200 1009.1 2 1
 20120724 1200 1008.6 2 1
 20120725 1200 1008.1 2 1
 20120726 1200 1009.3 2 1
 20120727 1200 1009.2 2 1
 20120728 1200 1009.7 2 1
 20120729 1200 1009.9 2 1
 20120730 1200 1009.5 2 1
 20120731 1200 1008.6 2 1
 20120801 1200 1009.3 2 1
 20120802 1200 1010.4 2 1
 20120803 1200 1011.4 2 1
 20120804 1200 1011.5 2 1
 20120805 1200 1011.2 2 1
 20120806 1200 1011.1 2 1
 20120807 1200 1010.9 2 1
 20120808 1200 1010.1 2 1
 20120809 1200 1010.8 2 1
 20120810 1200 1011.6 2 1
 20120811 1200 1011.3 2 1
 20120812 1200 1010.8 2 1
 20120813 1200 1011.0 2 1
 20120814 1200 1010.4 2 1
 20120815 1200 1010.3 2 1
 20120816 1200 1011.5 2 1
 20120817 1200 1011.9 2 1
 20120818 1200 1011.9 2 1
 20120819 1200 1010.6 2 1
 20120820 1200 1010.4 2 1
 20120821 1200 1010.7 2 1
 20120822 1200 1010.7 2 1
 20120823 1200 1011.2 2 1
 20120824 1200 1011.0 2 1
 20120825 1200 1011.3 2 1
 20120826 1200 1011.3 2 1
 20120827 1200 1011.3 2 1
 20120828 1200 1011.1 2 1
 20120829 1200 1011.4 2 1
 20120830 1200 1011.3 2 1
 20120831 1200 1011.3 2 1
 20120901 1200 1011.2 2 1
 20120902 1200 1011.2 2 1
 20120903 1200 1011.5 2 1
 20120904 1200 1011.1 2 1
 20120905 1200 1011.8 2 1
 20120906 1200 1012.2 2 1
 20120907 1200 1011.4 2 1
 20120908 1200 1011.5 2 1
 20120909 1200 1011.0 2 1
 20120910 1200 1010.7 2 1
 20120911 1200 1009.9 2 1
 20120912 1200 1008.9 2 1
 20120913 1200 1010.6 2 1
 20120914 1200 1011.4 2 1
 20120915 1200 1011.6 2 1
 20120916 1200 1011.3 2 1
 20120917 1200 1011.4 2 1
 20120918 1200 1011.2 2 1
 20120919 1200 1011.6 2 1
 20120920 1200 1012.0 2 1
 20120921 1200 1010.8 2 1
 20120922 1200 1009.7 2 1
 20120923 1200 1009.2 2 1
 20120924 1200 1010.0 2 1
 20120925 1200 1010.4 2 1
 20120926 1200 1011.5 2 1
 20120927 1200 1011.2 2 1
 20120928 1200 1010.7 2 1
 20120929 1200 1010.4 2 1
 20120930 1200 1011.5 2 1
 20121001 1200 1011.4 2 1
 20121002 1200 1011.3 2 1
 20121003 1200 1011.5 2 1
 20121004 1200 1012.2 2 1
 20121005 1200 1011.4 2 1
 20121006 1200 1010.5 2 1
 20121007 1200 1010.6 2 1
 20121008 1200 1011.7 2 1
 20121009 1200 1012.2 2 1
 20121010 1200 1012.0 2 1
 20121011 1200 1011.2 2 1
 20121012 1200 1011.0 2 1
 20121013 1200 1013.0 2 1
 20121014 1200 1013.0 2 1
 20121015 1200 1010.9 2 1
 20121016 1200 1010.3 2 1
 20121017 1200 1010.2 2 1
 20121018 1200 1010.4 2 1
 20121019 1200 1010.3 2 1
 20121020 1200 1010.2 2 1
 20121021 1200 1011.0 2 1
 20121022 1200 1011.3 2 1
 20121023 1200 1011.0 2 1
 20121024 1200 1008.9 2 1
 20121025 1200 1008.5 2 1
 20121026 1200 1009.2 2 1
 20121027 1200 1010.1 2 1
 20121028 1200 1009.7 2 1
 20121029 1200 1009.8 2 1
 20121030 1200 1010.6 2 1
 20121031 1200 1011.7 2 1
 20121101 1200 1011.5 2 1
 20121102 1200 1010.1 2 1
 20121103 1200 1010.6 2 1
 20121104 1200 1011.1 2 1
 20121105 1200 1009.3 2 1
 20121106 1200 1007.6 2 1
 20121107 1200 1008.4 2 1
 20121108 1200 1009.6 2 1
 20121109 1200 1010.1 2 1
 20121110 1200 1009.9 2 1
 20121111 1200 1009.7 2 1
 20121112 1200 1009.8 2 1
 20121113 1200 1010.5 2 1
 20121114 1200 1010.4 2 1
 20121115 1200 1010.9 2 1
 20121116 1200 1011.0 2 1
 20121117 1200 1010.7 2 1
 20121118 1200 1010.2 2 1
 20121119 1200 1010.8 2 1
 20121120 1200 1010.8 2 1
 20121121 1200 1009.5 2 1
 20121122 1200 1009.6 2 1
 20121123 1200 1009.7 2 1
 20121124 1200 1009.1 2 1
 20121125 1200 1008.0 2 1
 20121126 1200 1009.7 2 1
 20121127 1200 1011.2 2 1
 20121128 1200 1012.6 2 1
 20121129 1200 1012.4 2 1
 20121130 1200 1011.4 2 1
 20121201 1200 1011.2 2 1
 20121202 1200 1011.8 2 1
 20121203 1200 1011.3 2 1
 20121204 1200 1011.5 2 1
 20121205 1200 1010.2 2 1
 20121206 1200 1009.5 2 1
 20121207 1200 1007.9 2 1
 20121208 1200 1007.2 2 1
 20121209 1200 1008.2 2 1
 20121210 1200 1008.4 2 1
 20121211 1200 1008.8 2 1
 20121212 1200 1009.3 2 1
 20121213 1200 1009.6 2 1
 20121214 1200 1010.8 2 1
 20121215 1200 1010.5 2 1
 20121216 1200 1009.9 2 1
 20121217 1200 1009.2 2 1
 20121218 1200 1009.7 2 1
 20121219 1200 1008.7 2 1
 20121220 1200 1007.4 2 1
 20121221 1200 1007.5 2 1
 20121222 1200 1008.8 2 1
 20121223 1200 1009.8 2 1
 20121224 1200 1009.0 2 1
 20121225 1200 1008.5 2 1
 20121226 1200 1008.9 2 1
 20121227 1200 1008.6 2 1
 20121228 1200 1008.6 2 1
 20121229 1200 1009.6 2 1
 20121230 1200 1009.6 2 1
 20121231 1200 1009.9 2 1
 20130101 1200 1009.4 2 1
 20130102 1200 1008.4 2 1
 20130103 1200 1007.5 2 1
 20130104 1200 1008.1 2 1
 20130105 1200 1008.8 2 1
 20130106 1200 1008.8 2 1
 20130107 1200 1008.2 2 1
 20130108 1200 1007.7 2 1
 20130109 1200 1007.7 2 1
 20130110 1200 1008.1 2 1
 20130111 1200 1008.3 2 1
 20130112 1200 1009.5 2 1
 20130113 1200 1009.1 2 1
 20130114 1200 1009.5 2 1
 20130115 1200 1010.2 2 1
 20130116 1200 1009.2 2 1
 20130117 1200 1008.1 2 1
 20130118 1200 1008.5 2 1
 20130119 1200 1009.1 2 1
 20130120 1200 1009.4 2 1
 20130121 1200 1009.9 2 1
 20130122 1200 1010.9 2 1
 20130123 1200 1010.4 2 1
 20130124 1200 1010.7 2 1
 20130125 1200 1011.4 2 1
 20130126 1200 1009.8 2 1
 20130127 1200 1009.8 2 1
 20130128 1200 1009.5 2 1
 20130129 1200 1010.0 2 1
 20130130 1200 1010.4 2 1
 20130131 1200 1011.2 2 1
 20130201 1200 1011.5 2 1
 20130202 1200 1011.2 2 1
 20130203 1200 1011.0 2 1
 20130204 1200 1010.8 2 1
 20130205 1200 1010.0 2 1
 20130206 1200 1010.1 2 1
 20130207 1200 1010.7 2 1
 20130208 1200 1011.3 2 1
 20130209 1200 1012.0 2 1
 20130210 1200 1011.4 2 1
 20130211 1200 1011.7 2 1
 20130212 1200 1011.9 2 1
 20130213 1200 1011.5 2 1
 20130214 1200 1009.6 2 1
 20130215 1200 1008.9 2 1
 20130216 1200 1008.5 2 1
 20130217 1200 1008.0 2 1
 20130218 1200 1008.5 2 1
 20130219 1200 1008.6 2 1
 20130220 1200 1009.3 2 1
 20130221 1200 1009.7 2 1
 20130222 1200 1009.2 2 1
 20130223 1200 1009.5 2 1
 20130224 1200 1009.6 2 1
 20130225 1200 1009.3 2 1
 20130226 1200 1008.9 2 1
 20130227 1200 1010.0 2 1
 20130228 1200 1010.4 2 1
 20130301 1200 1010.4 2 1
 20130302 1200 1010.0 2 1
 20130303 1200 1010.0 2 1
 20130304 1200 1010.4 2 1
 20130305 1200 1010.5 2 1
 20130306 1200 1010.4 2 1
 20130307 1200 1010.6 2 1
 20130308 1200 1010.6 2 1
 20130309 1200 1010.3 2 1
 20130310 1200 1010.1 2 1
 20130311 1200 1009.9 2 1
 20130312 1200 1009.5 2 1
 20130313 1200 1009.9 2 1
 20130314 1200 1010.5 2 1
 20130315 1200 1010.5 2 1
 20130316 1200 1010.0 2 1
 20130317 1200 1009.8 2 1
 20130318 1200 1010.2 2 1
 20130319 1200 1011.0 2 1
 20130320 1200 1011.5 2 1
 20130321 1200 1010.5 2 1
 20130322 1200 1009.2 2 1
 20130323 1200 1008.8 2 1
 20130324 1200 1008.5 2 1
 20130325 1200 1009.0 2 1
 20130326 1200 1008.5 2 1
 20130327 1200 1008.7 2 1
 20130328 1200 1009.2 2 1
 20130329 1200 1009.7 2 1
 20130330 1200 1010.2 2 1
 20130331 1200 1010.0 2 1
 20130401 1200 1010.5 2 1
 20130402 1200 1010.7 2 1
 20130403 1200 1010.3 2 1
 20130404 1200 1009.5 2 1
 20130405 1200 1009.0 2 1
 20130406 1200 1009.8 2 1
 20130407 1200 1010.3 2 1
 20130408 1200 1009.0 2 1
 20130409 1200 1008.3 2 1
 20130410 1200 1009.3 2 1
 20130411 1200 1009.3 2 1
 20130412 1200 1008.4 2 1
 20130413 1200 1007.8 2 1
 20130414 1200 1008.6 2 1
 20130415 1200 1010.2 2 1
 20130416 1200 1010.7 2 1
 20130417 1200 1011.1 2 1
 20130418 1200 1010.9 2 1
 20130419 1200 1010.1 2 1
 20130420 1200 1010.0 2 1
 20130421 1200 1011.0 2 1
 20130422 1200 1010.5 2 1
 20130423 1200 1010.1 2 1
 20130424 1200 1010.2 2 1
 20130425 1200 1010.2 2 1
 20130426 1200 1010.4 2 1
 20130427 1200 1010.3 2 1
 20130428 1200 1010.5 2 1
 20130429 1200 1010.2 2 1
 20130430 1200 1008.8 2 1
 20130501 1200 1008.8 2 1
 20130502 1200 1010.3 2 1
 20130503 1200 1010.9 2 1
 20130504 1200 1011.2 2 1
 20130505 1200 1010.7 2 1
 20130506 1200 1011.2 2 1
 20130507 1200 1011.2 2 1
 20130508 1200 1011.8 2 1
 20130509 1200 1011.6 2 1
 20130510 1200 1011.7 2 1
 20130511 1200 1010.7 2 1
 20130512 1200 1010.3 2 1
 20130513 1200 1010.0 2 1
 20130514 1200 1010.2 2 1
 20130515 1200 1011.6 2 1
 20130516 1200 1012.1 2 1
 20130517 1200 1010.8 2 1
 20130518 1200 1009.5 2 1
 20130519 1200 1010.5 2 1
 20130520 1200 1011.3 2 1
 20130521 1200 1011.6 2 1
 20130522 1200 1010.7 2 1
 20130523 1200 1010.2 2 1
 20130524 1200 1010.1 2 1
 20130525 1200 1010.5 2 1
 20130526 1200 1011.7 2 1
 20130527 1200 1012.3 2 1
 20130528 1200 1012.6 2 1
 20130529 1200 1011.7 2 1
 20130530 1200 1010.0 2 1
 20130531 1200 1008.9 2 1
 20130601 1200 1009.2 2 1
 20130602 1200 1010.1 2 1
 20130603 1200 1010.5 2 1
 20130604 1200 1010.2 2 1
 20130605 1200 1009.4 2 1
 20130606 1200 1009.4 2 1
 20130607 1200 1009.3 2 1
 20130608 1200 1010.6 2 1
 20130609 1200 1010.8 2 1
 20130610 1200 1010.3 2 1
 20130611 1200 1008.8 2 1
 20130612 1200 1008.8 2 1
 20130613 1200 1009.8 2 1
 20130614 1200 1010.1 2 1
 20130615 1200 1009.1 2 1
 20130616 1200 1008.3 2 1
 20130617 1200 1008.9 2 1
 20130618 1200 1009.0 2 1
 20130619 1200 1009.6 2 1
 20130620 1200 1010.6 2 1
 20130621 1200 1010.5 2 1
 20130622 1200 1010.0 2 1
 20130623 1200 1011.6 2 1
 20130624 1200 1013.5 2 1
