 Location:  0N 110W   9 Apr 2001 to  2 Mar 2014 ( 4711 times, 11 blocks) Gen. Date Mar  3 2014
 Units: Sea Level Pressure (hPa),  -9.90 = missing
 Time: 1200  9 Apr 2001 to 1200 14 Aug 2003 (index     1 to   858,  858 times)
 Depth (M):        -3 QUALITY and SOURCE
 YYYYMMDD HHMM    SLP Q S
 20010409 1200 1009.5 2 5
 20010410 1200 1009.5 2 5
 20010411 1200 1010.1 2 5
 20010412 1200 1010.0 2 5
 20010413 1200 1009.9 2 5
 20010414 1200 1009.9 2 5
 20010415 1200 1009.7 2 5
 20010416 1200 1010.1 2 5
 20010417 1200 1010.4 2 5
 20010418 1200 1010.9 2 5
 20010419 1200 1010.4 2 5
 20010420 1200 1011.1 2 5
 20010421 1200 1011.7 2 5
 20010422 1200 1011.5 2 5
 20010423 1200 1010.2 2 5
 20010424 1200 1008.6 2 5
 20010425 1200 1009.1 2 5
 20010426 1200 1008.8 2 5
 20010427 1200 1008.6 2 5
 20010428 1200 1009.8 2 5
 20010429 1200 1009.0 2 5
 20010430 1200 1009.9 2 5
 20010501 1200 1010.2 2 5
 20010502 1200 1010.2 2 5
 20010503 1200 1011.0 2 5
 20010504 1200 1011.2 2 5
 20010505 1200 1009.7 2 5
 20010506 1200 1008.8 2 5
 20010507 1200 1010.4 2 5
 20010508 1200 1011.6 2 5
 20010509 1200 1010.3 2 5
 20010510 1200 1009.9 2 5
 20010511 1200 1009.8 2 5
 20010512 1200 1010.7 2 5
 20010513 1200 1011.9 2 5
 20010514 1200 1012.1 2 5
 20010515 1200 1011.6 2 5
 20010516 1200 1010.6 2 5
 20010517 1200 1010.4 2 5
 20010518 1200 1011.7 2 5
 20010519 1200 1012.7 2 5
 20010520 1200 1012.9 2 5
 20010521 1200 1012.5 2 5
 20010522 1200 1011.9 2 5
 20010523 1200 1011.9 2 5
 20010524 1200 1012.9 2 5
 20010525 1200 1013.5 2 5
 20010526 1200 1013.0 2 5
 20010527 1200 1011.9 2 5
 20010528 1200 1011.2 2 5
 20010529 1200 1012.2 2 5
 20010530 1200 1012.6 2 5
 20010531 1200 1012.8 2 5
 20010601 1200 1013.0 2 5
 20010602 1200 1013.1 2 5
 20010603 1200 1012.4 2 5
 20010604 1200 1011.0 2 5
 20010605 1200 1011.7 2 5
 20010606 1200 1011.8 2 5
 20010607 1200 1011.5 2 5
 20010608 1200 1011.1 2 5
 20010609 1200 1011.4 2 5
 20010610 1200 1012.4 2 5
 20010611 1200 1013.1 2 5
 20010612 1200 1013.0 2 5
 20010613 1200 1012.0 2 5
 20010614 1200 1010.3 2 5
 20010615 1200 1009.6 2 5
 20010616 1200 1010.2 2 5
 20010617 1200 1010.6 2 5
 20010618 1200 1010.9 2 5
 20010619 1200 1011.0 2 5
 20010620 1200 1012.2 2 5
 20010621 1200 1013.2 2 5
 20010622 1200 1012.7 2 5
 20010623 1200 1011.9 2 5
 20010624 1200 1011.0 2 5
 20010625 1200 1010.4 2 5
 20010626 1200 1010.2 2 5
 20010627 1200 1011.5 2 5
 20010628 1200 1012.4 2 5
 20010629 1200 1012.5 2 5
 20010630 1200 1012.3 2 5
 20010701 1200 1010.8 2 5
 20010702 1200 1010.1 2 5
 20010703 1200 1009.9 2 5
 20010704 1200 1011.5 2 5
 20010705 1200 1012.3 2 5
 20010706 1200 1012.1 2 5
 20010707 1200 1013.1 2 5
 20010708 1200 1013.4 2 5
 20010709 1200 1013.6 2 5
 20010710 1200 1013.5 2 5
 20010711 1200 1012.8 2 5
 20010712 1200 1013.2 2 5
 20010713 1200 1013.2 2 5
 20010714 1200 1013.4 2 5
 20010715 1200 1012.6 2 5
 20010716 1200 1012.8 2 5
 20010717 1200 1012.8 2 5
 20010718 1200 1013.6 2 5
 20010719 1200 1013.6 2 5
 20010720 1200 1013.6 2 5
 20010721 1200 1012.6 2 5
 20010722 1200 1012.3 2 5
 20010723 1200 1012.1 2 5
 20010724 1200 1012.3 2 5
 20010725 1200 1013.3 2 5
 20010726 1200 1012.6 2 5
 20010727 1200 1012.7 2 5
 20010728 1200 1013.4 2 5
 20010729 1200 1013.3 2 5
 20010730 1200 1011.8 2 5
 20010731 1200 1011.6 2 5
 20010801 1200 1012.8 2 5
 20010802 1200 1013.8 2 5
 20010803 1200 1014.1 2 5
 20010804 1200 1013.4 2 5
 20010805 1200 1013.4 2 5
 20010806 1200 1013.6 2 5
 20010807 1200 1013.3 2 5
 20010808 1200 1012.4 2 5
 20010809 1200 1011.7 2 5
 20010810 1200 1011.8 2 5
 20010811 1200 1012.5 2 5
 20010812 1200 1012.9 2 5
 20010813 1200 1012.9 2 5
 20010814 1200 1011.7 2 5
 20010815 1200 1011.2 2 5
 20010816 1200 1011.3 2 5
 20010817 1200 1011.6 2 5
 20010818 1200 1012.1 2 5
 20010819 1200 1010.9 2 5
 20010820 1200 1011.5 2 5
 20010821 1200 1013.5 2 5
 20010822 1200 1014.4 2 5
 20010823 1200 1014.6 2 5
 20010824 1200 1013.5 2 5
 20010825 1200 1013.0 2 5
 20010826 1200 1013.0 2 5
 20010827 1200 1013.1 2 5
 20010828 1200 1012.1 2 5
 20010829 1200 1012.0 2 5
 20010830 1200 1012.3 2 5
 20010831 1200 1014.2 2 5
 20010901 1200 1013.6 2 5
 20010902 1200 1012.4 2 5
 20010903 1200 1012.7 2 5
 20010904 1200 1012.5 2 5
 20010905 1200 1012.8 2 5
 20010906 1200 1013.4 2 5
 20010907 1200 1014.0 2 5
 20010908 1200 1013.9 2 5
 20010909 1200 1014.8 2 5
 20010910 1200 1014.7 2 5
 20010911 1200 1014.5 2 5
 20010912 1200 1014.4 2 5
 20010913 1200 1014.3 2 5
 20010914 1200 1013.5 2 5
 20010915 1200 1013.4 2 5
 20010916 1200 1013.5 2 5
 20010917 1200 1013.9 2 5
 20010918 1200 1013.6 2 5
 20010919 1200 1012.7 2 5
 20010920 1200 1012.6 2 5
 20010921 1200 1012.5 2 5
 20010922 1200 1012.7 2 5
 20010923 1200 1012.9 2 5
 20010924 1200 1012.8 2 5
 20010925 1200 1012.2 2 5
 20010926 1200 1013.3 2 5
 20010927 1200 1014.2 2 5
 20010928 1200 1014.5 2 5
 20010929 1200 1014.1 2 5
 20010930 1200 1013.4 2 5
 20011001 1200 1013.1 2 5
 20011002 1200 1013.4 2 5
 20011003 1200 1013.2 2 5
 20011004 1200 1013.1 2 5
 20011005 1200 1012.7 2 5
 20011006 1200 1012.6 2 5
 20011007 1200 1011.5 2 5
 20011008 1200 1012.6 2 5
 20011009 1200 1013.0 2 5
 20011010 1200 1012.3 2 5
 20011011 1200 1011.9 2 5
 20011012 1200 1011.9 2 5
 20011013 1200 1012.1 2 5
 20011014 1200 1012.1 2 5
 20011015 1200 1011.6 2 5
 20011016 1200 1012.3 2 5
 20011017 1200 1012.5 2 5
 20011018 1200 1011.6 2 5
 20011019 1200 1011.5 2 5
 20011020 1200 1011.8 2 5
 20011021 1200 1012.4 2 5
 20011022 1200 1013.1 2 5
 20011023 1200 1012.2 2 5
 20011024 1200 1011.5 2 5
 20011025 1200 1012.5 2 5
 20011026 1200 1014.3 2 5
 20011027 1200 1013.9 2 5
 20011028 1200 1014.0 2 5
 20011029 1200 1014.7 2 5
 20011030 1200 1015.3 2 5
 20011031 1200 1015.0 2 5
 20011101 1200 1014.0 2 5
 20011102 1200 1012.7 2 5
 20011103 1200 1012.1 2 5
 20011104 1200 1011.5 2 5
 20011105 1200 1010.4 2 5
 20011106 1200 1011.5 2 5
 20011107 1200 1013.0 2 5
 20011108 1200 1013.2 2 5
 20011109 1200 1013.6 2 5
 20011110 1200 1012.8 2 5
 20011111 1200 1012.8 2 5
 20011112 1200 1012.8 2 5
 20011113 1200 1013.2 2 5
 20011114 1200 1013.2 2 5
 20011115 1200 1011.8 2 5
 20011116 1200 1011.6 2 5
 20011117 1200 1012.4 2 5
 20011118 1200 1013.2 2 5
 20011119 1200 1013.3 2 5
 20011120 1200 1013.0 2 5
 20011121 1200 1011.9 2 5
 20011122 1200 1012.0 2 5
 20011123 1200 1012.4 2 5
 20011124 1200 1011.7 2 5
 20011125 1200 1012.4 2 5
 20011126 1200 1012.4 2 5
 20011127 1200 1012.2 2 5
 20011128 1200 1012.2 2 5
 20011129 1200 1011.9 2 5
 20011130 1200 1011.4 2 5
 20011201 1200 1011.5 2 5
 20011202 1200 1011.3 2 5
 20011203 1200 1011.2 2 5
 20011204 1200 1010.8 2 5
 20011205 1200 1009.6 2 5
 20011206 1200 1009.4 2 5
 20011207 1200 1010.0 2 5
 20011208 1200 1010.1 2 5
 20011209 1200 1009.0 2 5
 20011210 1200 1007.9 2 5
 20011211 1200 1008.9 2 5
 20011212 1200 1010.8 2 5
 20011213 1200 1012.2 2 5
 20011214 1200 1010.1 2 5
 20011215 1200 1009.4 2 5
 20011216 1200 1010.3 2 5
 20011217 1200 1011.7 2 5
 20011218 1200 1011.0 2 5
 20011219 1200 1010.8 2 5
 20011220 1200 1011.2 2 5
 20011221 1200 1011.6 2 5
 20011222 1200 1011.7 2 5
 20011223 1200 1011.6 2 5
 20011224 1200 1012.8 2 5
 20011225 1200 1012.4 2 5
 20011226 1200 1012.1 2 5
 20011227 1200 1011.5 2 5
 20011228 1200 1011.6 2 5
 20011229 1200 1012.7 2 5
 20011230 1200 1013.5 2 5
 20011231 1200 1013.5 2 5
 20020101 1200 1013.1 2 5
 20020102 1200 1013.4 2 5
 20020103 1200 1013.2 2 5
 20020104 1200 1013.5 2 5
 20020105 1200 1014.0 2 5
 20020106 1200 1014.1 2 5
 20020107 1200 1014.8 2 5
 20020108 1200 1013.6 2 5
 20020109 1200 1013.1 2 5
 20020110 1200 1012.7 2 5
 20020111 1200 1013.0 2 5
 20020112 1200 1013.8 2 5
 20020113 1200 1013.3 2 5
 20020114 1200 1011.3 2 5
 20020115 1200 1010.8 2 5
 20020116 1200 1012.3 2 5
 20020117 1200 1010.7 2 5
 20020118 1200 1010.6 2 5
 20020119 1200 1011.0 2 5
 20020120 1200 1011.1 2 5
 20020121 1200 1010.8 2 5
 20020122 1200 1010.5 2 5
 20020123 1200 1011.1 2 5
 20020124 1200 1011.1 2 5
 20020125 1200 1009.8 2 5
 20020126 1200 1009.2 2 5
 20020127 1200 1008.7 2 5
 20020128 1200 1008.8 2 5
 20020129 1200 1008.3 2 5
 20020130 1200 1009.0 2 5
 20020131 1200 1009.6 2 5
 20020201 1200 1008.7 2 5
 20020202 1200 1009.5 2 5
 20020203 1200 1011.7 2 5
 20020204 1200 1013.7 2 5
 20020205 1200 1013.1 2 5
 20020206 1200 1012.4 2 5
 20020207 1200 1012.2 2 5
 20020208 1200 1012.5 2 5
 20020209 1200 1011.4 2 5
 20020210 1200 1010.8 2 5
 20020211 1200 1010.4 2 5
 20020212 1200 1011.0 2 5
 20020213 1200 1010.5 2 5
 20020214 1200 1009.8 2 5
 20020215 1200 1010.1 2 5
 20020216 1200 1011.0 2 5
 20020217 1200 1011.4 2 5
 20020218 1200 1011.0 2 5
 20020219 1200 1010.9 2 5
 20020220 1200 1011.4 2 5
 20020221 1200 1011.3 2 5
 20020222 1200 1009.9 2 5
 20020223 1200 1010.1 2 5
 20020224 1200 1010.9 2 5
 20020225 1200 1011.5 2 5
 20020226 1200 1011.2 2 5
 20020227 1200 1009.8 2 5
 20020228 1200 1008.9 2 5
 20020301 1200 1008.6 2 5
 20020302 1200 1010.3 2 5
 20020303 1200 1011.1 2 5
 20020304 1200 1011.1 2 5
 20020305 1200 1011.8 2 5
 20020306 1200 1011.5 2 5
 20020307 1200 1010.0 2 5
 20020308 1200 1009.8 2 5
 20020309 1200 1010.3 2 5
 20020310 1200 1010.8 2 5
 20020311 1200 1010.9 2 5
 20020312 1200   -9.9 0 0
 20020313 1200 1011.6 2 5
 20020314 1200 1010.9 2 5
 20020315 1200 1009.8 2 5
 20020316 1200 1009.2 2 5
 20020317 1200 1010.7 2 5
 20020318 1200 1010.9 2 5
 20020319 1200 1010.3 2 5
 20020320 1200 1009.5 2 5
 20020321 1200 1009.7 2 5
 20020322 1200 1010.0 2 5
 20020323 1200 1009.8 2 5
 20020324 1200 1009.7 2 5
 20020325 1200 1008.6 2 5
 20020326 1200 1008.5 2 5
 20020327 1200 1009.3 2 5
 20020328 1200 1009.9 2 5
 20020329 1200 1009.3 2 5
 20020330 1200 1008.3 2 5
 20020331 1200 1008.3 2 5
 20020401 1200 1008.5 2 5
 20020402 1200 1008.5 2 5
 20020403 1200 1008.6 2 5
 20020404 1200 1009.3 2 5
 20020405 1200 1010.8 2 5
 20020406 1200 1011.1 2 5
 20020407 1200 1011.1 2 5
 20020408 1200 1010.8 2 5
 20020409 1200 1011.9 2 5
 20020410 1200 1011.9 2 5
 20020411 1200 1011.8 2 5
 20020412 1200 1011.6 2 5
 20020413 1200 1011.0 2 5
 20020414 1200 1010.0 2 5
 20020415 1200   -9.9 0 0
 20020416 1200 1009.6 2 5
 20020417 1200 1009.7 2 5
 20020418 1200 1010.2 2 5
 20020419 1200 1009.6 2 5
 20020420 1200 1008.7 2 5
 20020421 1200 1007.9 2 5
 20020422 1200 1008.9 2 5
 20020423 1200 1010.8 2 5
 20020424 1200 1011.4 2 5
 20020425 1200 1011.7 2 5
 20020426 1200 1011.2 2 5
 20020427 1200 1010.3 2 5
 20020428 1200 1010.1 2 5
 20020429 1200 1010.0 2 5
 20020430 1200 1010.1 2 5
 20020501 1200 1009.3 2 5
 20020502 1200 1009.6 2 5
 20020503 1200 1008.9 2 5
 20020504 1200 1008.5 2 5
 20020505 1200 1009.1 2 5
 20020506 1200 1009.8 2 5
 20020507 1200 1009.4 2 5
 20020508 1200 1008.6 2 5
 20020509 1200 1008.7 2 5
 20020510 1200 1008.5 2 5
 20020511 1200 1008.2 2 5
 20020512 1200 1009.0 2 5
 20020513 1200 1008.7 2 5
 20020514 1200 1008.5 2 5
 20020515 1200 1009.5 2 5
 20020516 1200 1010.8 2 5
 20020517 1200 1011.2 2 5
 20020518 1200 1010.7 2 5
 20020519 1200 1011.7 2 5
 20020520 1200 1012.8 2 5
 20020521 1200 1012.6 2 5
 20020522 1200 1011.3 2 5
 20020523 1200 1011.4 2 5
 20020524 1200 1011.9 2 5
 20020525 1200 1012.4 2 5
 20020526 1200 1012.1 2 5
 20020527 1200 1011.9 2 5
 20020528 1200 1012.2 2 5
 20020529 1200 1011.6 2 5
 20020530 1200 1011.2 2 5
 20020531 1200 1011.2 2 5
 20020601 1200 1012.2 2 5
 20020602 1200 1011.9 2 5
 20020603 1200 1012.8 2 5
 20020604 1200 1013.3 2 5
 20020605 1200 1012.8 2 5
 20020606 1200 1012.0 2 5
 20020607 1200 1011.7 2 5
 20020608 1200 1011.1 2 5
 20020609 1200 1011.6 2 5
 20020610 1200 1011.2 2 5
 20020611 1200 1011.6 2 5
 20020612 1200 1012.0 2 5
 20020613 1200 1012.1 2 5
 20020614 1200 1011.4 2 5
 20020615 1200 1010.8 2 5
 20020616 1200 1011.0 2 5
 20020617 1200 1011.0 2 5
 20020618 1200 1010.2 2 5
 20020619 1200 1009.4 2 5
 20020620 1200 1009.0 2 5
 20020621 1200 1009.8 2 5
 20020622 1200 1010.4 2 5
 20020623 1200 1011.0 2 5
 20020624 1200 1010.7 2 5
 20020625 1200 1010.8 2 5
 20020626 1200 1011.5 2 5
 20020627 1200 1011.9 2 5
 20020628 1200 1011.5 2 5
 20020629 1200 1010.4 2 5
 20020630 1200 1010.4 2 5
 20020701 1200 1010.5 2 5
 20020702 1200 1010.7 2 5
 20020703 1200 1012.1 2 5
 20020704 1200 1013.3 2 5
 20020705 1200 1013.0 2 5
 20020706 1200 1012.1 2 5
 20020707 1200 1011.4 2 5
 20020708 1200 1011.3 2 5
 20020709 1200 1011.2 2 5
 20020710 1200 1012.0 2 5
 20020711 1200 1011.8 2 5
 20020712 1200 1011.8 2 5
 20020713 1200 1011.9 2 5
 20020714 1200 1012.3 2 5
 20020715 1200 1012.3 2 5
 20020716 1200 1012.2 2 5
 20020717 1200 1013.3 2 5
 20020718 1200 1014.0 2 5
 20020719 1200 1014.5 2 5
 20020720 1200 1015.1 2 5
 20020721 1200 1014.5 2 5
 20020722 1200 1013.2 2 5
 20020723 1200 1012.9 2 5
 20020724 1200 1013.1 2 5
 20020725 1200 1012.8 2 5
 20020726 1200 1012.9 2 5
 20020727 1200 1013.3 2 5
 20020728 1200 1012.9 2 5
 20020729 1200 1013.2 2 5
 20020730 1200 1013.3 2 5
 20020731 1200 1012.8 2 5
 20020801 1200 1012.7 2 5
 20020802 1200 1012.4 2 5
 20020803 1200 1012.8 2 5
 20020804 1200 1012.8 2 5
 20020805 1200 1012.4 2 5
 20020806 1200 1011.8 2 5
 20020807 1200 1011.5 2 5
 20020808 1200 1012.1 2 5
 20020809 1200 1011.6 2 5
 20020810 1200 1011.6 2 5
 20020811 1200 1011.9 2 5
 20020812 1200 1011.5 2 5
 20020813 1200 1010.0 2 5
 20020814 1200 1009.3 2 5
 20020815 1200 1009.1 2 5
 20020816 1200 1011.0 2 5
 20020817 1200 1011.9 2 5
 20020818 1200 1012.9 2 5
 20020819 1200 1011.4 2 5
 20020820 1200 1011.5 2 5
 20020821 1200 1011.9 2 5
 20020822 1200 1012.1 2 5
 20020823 1200 1012.1 2 5
 20020824 1200 1012.5 2 5
 20020825 1200 1013.8 2 5
 20020826 1200 1014.3 2 5
 20020827 1200 1014.0 2 5
 20020828 1200 1013.4 2 5
 20020829 1200 1012.3 2 5
 20020830 1200 1011.9 2 5
 20020831 1200 1012.8 2 5
 20020901 1200 1012.5 2 5
 20020902 1200 1012.2 2 5
 20020903 1200 1012.0 2 5
 20020904 1200 1012.4 2 5
 20020905 1200 1013.1 2 5
 20020906 1200 1012.4 2 5
 20020907 1200 1012.6 2 5
 20020908 1200 1012.9 2 5
 20020909 1200 1013.1 2 5
 20020910 1200 1012.8 2 5
 20020911 1200 1012.4 2 5
 20020912 1200 1011.9 2 5
 20020913 1200 1012.2 2 5
 20020914 1200 1012.1 2 5
 20020915 1200 1012.8 2 5
 20020916 1200 1012.8 2 5
 20020917 1200 1013.6 2 5
 20020918 1200 1014.2 2 5
 20020919 1200 1013.6 2 5
 20020920 1200 1012.8 2 5
 20020921 1200 1012.5 2 5
 20020922 1200 1013.2 2 5
 20020923 1200 1013.2 2 5
 20020924 1200 1012.3 2 5
 20020925 1200 1012.2 2 5
 20020926 1200 1012.1 2 5
 20020927 1200 1011.8 2 5
 20020928 1200 1012.3 2 5
 20020929 1200 1012.9 2 5
 20020930 1200 1013.3 2 5
 20021001 1200 1012.5 2 5
 20021002 1200 1011.7 2 5
 20021003 1200 1010.7 2 5
 20021004 1200 1009.8 2 5
 20021005 1200 1009.9 2 5
 20021006 1200 1010.7 2 5
 20021007 1200 1010.8 2 5
 20021008 1200 1010.1 2 5
 20021009 1200 1009.6 2 5
 20021010 1200 1009.8 2 5
 20021011 1200 1010.7 2 5
 20021012 1200 1011.7 2 5
 20021013 1200 1012.4 2 5
 20021014 1200 1012.3 2 5
 20021015 1200 1011.8 2 5
 20021016 1200 1011.6 2 5
 20021017 1200 1011.9 2 5
 20021018 1200 1012.0 2 5
 20021019 1200 1011.2 2 5
 20021020 1200 1010.9 2 5
 20021021 1200 1011.2 2 5
 20021022 1200 1012.3 2 5
 20021023 1200 1012.5 2 5
 20021024 1200 1012.5 2 5
 20021025 1200 1011.5 2 5
 20021026 1200 1012.5 2 5
 20021027 1200 1012.7 2 5
 20021028 1200 1012.8 2 5
 20021029 1200 1012.7 2 5
 20021030 1200 1012.1 2 5
 20021031 1200 1011.6 2 5
 20021101 1200 1012.5 2 5
 20021102 1200 1012.3 2 5
 20021103 1200 1012.8 2 5
 20021104 1200 1013.5 2 5
 20021105 1200 1013.8 2 5
 20021106 1200 1013.6 2 5
 20021107 1200 1014.2 2 5
 20021108 1200 1013.1 2 5
 20021109 1200 1012.2 2 5
 20021110 1200 1011.1 2 5
 20021111 1200 1011.1 2 5
 20021112 1200 1011.2 2 5
 20021113 1200 1011.6 2 5
 20021114 1200 1011.5 2 5
 20021115 1200 1009.8 2 5
 20021116 1200 1010.1 2 5
 20021117 1200 1010.7 2 5
 20021118 1200 1010.8 2 5
 20021119 1200 1010.0 2 5
 20021120 1200 1009.4 2 5
 20021121 1200 1010.2 2 5
 20021122 1200 1009.8 2 5
 20021123 1200 1010.6 2 5
 20021124 1200 1010.1 2 5
 20021125 1200 1009.4 2 5
 20021126 1200 1009.6 2 5
 20021127 1200 1008.2 2 5
 20021128 1200 1008.3 2 5
 20021129 1200 1008.8 2 5
 20021130 1200 1009.7 2 5
 20021201 1200 1008.8 2 5
 20021202 1200 1007.8 2 5
 20021203 1200 1008.8 2 5
 20021204 1200 1010.0 2 5
 20021205 1200 1010.4 2 5
 20021206 1200 1010.6 2 5
 20021207 1200 1011.8 2 5
 20021208 1200 1012.0 2 5
 20021209 1200 1011.5 2 5
 20021210 1200 1011.4 2 5
 20021211 1200 1011.0 2 5
 20021212 1200 1011.3 2 5
 20021213 1200 1011.2 2 5
 20021214 1200 1012.9 2 5
 20021215 1200 1014.3 2 5
 20021216 1200 1013.9 2 5
 20021217 1200 1011.8 2 5
 20021218 1200 1011.1 2 5
 20021219 1200 1011.6 2 5
 20021220 1200 1011.5 2 5
 20021221 1200 1011.8 2 5
 20021222 1200 1011.6 2 5
 20021223 1200 1011.6 2 5
 20021224 1200 1011.8 2 5
 20021225 1200 1010.8 2 5
 20021226 1200 1011.2 2 5
 20021227 1200 1010.6 2 5
 20021228 1200 1010.4 2 5
 20021229 1200 1010.3 2 5
 20021230 1200 1010.8 2 5
 20021231 1200 1011.0 2 5
 20030101 1200 1009.5 2 5
 20030102 1200 1009.7 2 5
 20030103 1200 1010.2 2 5
 20030104 1200 1010.7 2 5
 20030105 1200 1010.6 2 5
 20030106 1200 1009.6 2 5
 20030107 1200 1010.1 2 5
 20030108 1200 1011.1 2 5
 20030109 1200 1010.6 2 5
 20030110 1200 1010.2 2 5
 20030111 1200 1011.1 2 5
 20030112 1200 1011.6 2 5
 20030113 1200 1011.9 2 5
 20030114 1200 1011.6 2 5
 20030115 1200 1011.0 2 5
 20030116 1200 1010.9 2 5
 20030117 1200 1012.3 2 5
 20030118 1200 1012.8 2 5
 20030119 1200 1013.7 2 5
 20030120 1200 1013.3 2 5
 20030121 1200 1012.2 2 5
 20030122 1200 1011.6 2 5
 20030123 1200 1011.1 2 5
 20030124 1200 1010.6 2 5
 20030125 1200 1010.3 2 5
 20030126 1200 1010.1 2 5
 20030127 1200 1009.7 2 5
 20030128 1200 1009.6 2 5
 20030129 1200 1010.4 2 5
 20030130 1200 1011.8 2 5
 20030131 1200 1011.3 2 5
 20030201 1200 1011.0 2 5
 20030202 1200 1009.0 2 5
 20030203 1200 1007.9 2 5
 20030204 1200 1007.9 2 5
 20030205 1200 1007.3 2 5
 20030206 1200 1008.4 2 5
 20030207 1200 1009.8 2 5
 20030208 1200 1010.3 2 5
 20030209 1200 1010.5 2 5
 20030210 1200 1009.4 2 5
 20030211 1200 1009.0 2 5
 20030212 1200 1009.2 2 5
 20030213 1200 1010.3 2 5
 20030214 1200 1010.7 2 5
 20030215 1200 1009.7 2 5
 20030216 1200 1009.2 2 5
 20030217 1200 1009.6 2 5
 20030218 1200 1010.6 2 5
 20030219 1200 1011.8 2 5
 20030220 1200 1010.9 2 5
 20030221 1200 1009.8 2 5
 20030222 1200 1009.3 2 5
 20030223 1200 1009.2 2 5
 20030224 1200 1010.4 2 5
 20030225 1200 1012.3 2 5
 20030226 1200 1012.5 2 5
 20030227 1200 1012.3 2 5
 20030228 1200 1010.6 2 5
 20030301 1200 1010.3 2 5
 20030302 1200 1009.9 2 5
 20030303 1200 1008.9 2 5
 20030304 1200 1008.1 2 5
 20030305 1200 1008.4 2 5
 20030306 1200 1007.8 2 5
 20030307 1200 1007.3 2 5
 20030308 1200 1007.5 2 5
 20030309 1200 1008.1 2 5
 20030310 1200 1008.3 2 5
 20030311 1200 1007.8 2 5
 20030312 1200 1008.8 2 5
 20030313 1200 1010.7 2 5
 20030314 1200 1011.6 2 5
 20030315 1200 1011.7 2 5
 20030316 1200 1011.8 2 5
 20030317 1200 1012.4 2 5
 20030318 1200 1012.0 2 5
 20030319 1200 1012.0 2 5
 20030320 1200 1012.5 2 5
 20030321 1200 1011.0 2 5
 20030322 1200 1010.9 2 5
 20030323 1200 1011.4 2 5
 20030324 1200 1012.2 2 5
 20030325 1200 1012.3 2 5
 20030326 1200 1011.0 2 5
 20030327 1200 1010.1 2 5
 20030328 1200 1009.9 2 5
 20030329 1200 1010.5 2 5
 20030330 1200 1010.0 2 5
 20030331 1200 1009.2 2 5
 20030401 1200 1008.6 2 5
 20030402 1200 1008.9 2 5
 20030403 1200 1009.7 2 5
 20030404 1200 1009.3 2 5
 20030405 1200 1008.7 2 5
 20030406 1200 1008.6 2 5
 20030407 1200 1008.8 2 5
 20030408 1200 1009.7 2 5
 20030409 1200 1009.3 2 5
 20030410 1200 1009.7 2 5
 20030411 1200 1011.3 2 5
 20030412 1200 1012.0 2 5
 20030413 1200 1013.1 2 5
 20030414 1200 1013.8 2 5
 20030415 1200 1013.3 2 5
 20030416 1200 1012.4 2 5
 20030417 1200 1010.6 2 5
 20030418 1200 1011.0 2 5
 20030419 1200 1010.5 2 5
 20030420 1200 1010.9 2 5
 20030421 1200 1011.4 2 5
 20030422 1200 1010.6 2 5
 20030423 1200 1010.5 2 5
 20030424 1200 1010.9 2 5
 20030425 1200 1011.0 2 5
 20030426 1200 1011.0 2 5
 20030427 1200 1011.2 2 5
 20030428 1200 1012.1 2 5
 20030429 1200 1011.9 2 5
 20030430 1200 1011.6 2 5
 20030501 1200 1012.3 2 5
 20030502 1200 1012.4 2 5
 20030503 1200 1011.5 2 5
 20030504 1200 1011.4 2 5
 20030505 1200 1011.0 2 5
 20030506 1200 1010.3 2 5
 20030507 1200 1011.5 2 5
 20030508 1200 1011.4 2 5
 20030509 1200 1011.3 2 5
 20030510 1200 1011.6 2 5
 20030511 1200 1011.2 2 5
 20030512 1200 1010.7 2 5
 20030513 1200 1010.0 2 5
 20030514 1200 1009.4 2 5
 20030515 1200 1009.8 2 5
 20030516 1200 1010.2 2 5
 20030517 1200 1011.2 2 5
 20030518 1200 1011.5 2 5
 20030519 1200 1011.2 2 5
 20030520 1200 1011.2 2 5
 20030521 1200 1010.8 2 5
 20030522 1200 1010.4 2 5
 20030523 1200 1011.5 2 5
 20030524 1200 1011.9 2 5
 20030525 1200 1011.9 2 5
 20030526 1200 1012.5 2 5
 20030527 1200 1012.8 2 5
 20030528 1200 1013.4 2 5
 20030529 1200 1012.8 2 5
 20030530 1200 1012.3 2 5
 20030531 1200 1012.7 2 5
 20030601 1200 1013.0 2 5
 20030602 1200 1013.3 2 5
 20030603 1200 1013.0 2 5
 20030604 1200 1012.6 2 5
 20030605 1200 1012.8 2 5
 20030606 1200 1012.3 2 5
 20030607 1200 1011.8 2 5
 20030608 1200 1011.2 2 5
 20030609 1200 1011.6 2 5
 20030610 1200 1014.2 2 5
 20030611 1200 1013.8 2 5
 20030612 1200 1013.0 2 5
 20030613 1200 1011.6 2 5
 20030614 1200 1011.5 2 5
 20030615 1200 1012.6 2 5
 20030616 1200 1013.3 2 5
 20030617 1200 1012.7 2 5
 20030618 1200 1012.4 2 5
 20030619 1200 1011.8 2 5
 20030620 1200 1012.6 2 5
 20030621 1200 1013.5 2 5
 20030622 1200 1013.5 2 5
 20030623 1200 1012.7 2 5
 20030624 1200 1010.8 2 5
 20030625 1200 1010.3 2 5
 20030626 1200 1012.1 2 5
 20030627 1200 1012.2 2 5
 20030628 1200 1011.8 2 5
 20030629 1200 1012.8 2 5
 20030630 1200 1012.8 2 5
 20030701 1200 1013.0 2 5
 20030702 1200 1012.2 2 5
 20030703 1200 1011.6 2 5
 20030704 1200 1011.6 2 5
 20030705 1200 1012.3 2 5
 20030706 1200 1012.1 2 5
 20030707 1200 1012.5 2 5
 20030708 1200 1013.8 2 5
 20030709 1200 1013.3 2 5
 20030710 1200 1012.1 2 5
 20030711 1200 1011.9 2 5
 20030712 1200 1011.5 2 5
 20030713 1200 1011.6 2 5
 20030714 1200 1012.4 2 5
 20030715 1200 1011.8 2 5
 20030716 1200 1012.7 2 5
 20030717 1200 1012.3 2 5
 20030718 1200 1012.3 2 5
 20030719 1200 1011.8 2 5
 20030720 1200 1011.7 2 5
 20030721 1200 1011.0 2 5
 20030722 1200 1011.4 2 5
 20030723 1200 1012.2 2 5
 20030724 1200 1012.6 2 5
 20030725 1200 1012.4 2 5
 20030726 1200 1012.9 2 5
 20030727 1200 1013.0 2 5
 20030728 1200 1013.2 2 5
 20030729 1200 1013.0 2 5
 20030730 1200 1013.3 2 5
 20030731 1200 1014.3 2 5
 20030801 1200 1014.0 2 5
 20030802 1200 1013.3 2 5
 20030803 1200 1012.8 2 5
 20030804 1200 1011.8 2 5
 20030805 1200 1012.1 2 5
 20030806 1200 1012.8 2 5
 20030807 1200 1013.2 2 5
 20030808 1200 1012.5 2 5
 20030809 1200 1012.7 2 5
 20030810 1200 1011.9 2 5
 20030811 1200 1011.2 2 5
 20030812 1200 1011.8 2 5
 20030813 1200 1012.9 2 5
 20030814 1200 1013.8 2 5
 Time: 1200 12 Nov 2003 to 1200  1 Apr 2005 (index   948 to  1454,  507 times)
 Depth (M):        -3 QUALITY and SOURCE
 YYYYMMDD HHMM    SLP Q S
 20031112 1200 1010.0 2 5
 20031113 1200 1010.9 2 5
 20031114 1200 1011.3 2 5
 20031115 1200 1012.1 2 5
 20031116 1200 1012.2 2 5
 20031117 1200 1012.6 2 5
 20031118 1200 1011.7 2 5
 20031119 1200 1011.9 2 5
 20031120 1200 1011.4 2 5
 20031121 1200 1011.2 2 5
 20031122 1200 1011.5 2 5
 20031123 1200 1011.8 2 5
 20031124 1200 1011.3 2 5
 20031125 1200 1010.9 2 5
 20031126 1200 1011.3 2 5
 20031127 1200 1011.8 2 5
 20031128 1200 1013.0 2 5
 20031129 1200 1012.2 2 5
 20031130 1200 1011.5 2 5
 20031201 1200 1012.1 2 5
 20031202 1200 1012.9 2 5
 20031203 1200 1012.5 2 5
 20031204 1200 1012.1 2 5
 20031205 1200 1011.8 2 5
 20031206 1200 1011.8 2 5
 20031207 1200 1010.6 2 5
 20031208 1200 1011.0 2 5
 20031209 1200 1011.8 2 5
 20031210 1200 1013.0 2 5
 20031211 1200 1012.1 2 5
 20031212 1200 1011.8 2 5
 20031213 1200 1011.8 2 5
 20031214 1200 1010.6 2 5
 20031215 1200 1009.8 2 5
 20031216 1200 1009.4 2 5
 20031217 1200 1009.4 2 5
 20031218 1200 1010.6 2 5
 20031219 1200 1011.4 2 5
 20031220 1200 1011.2 2 5
 20031221 1200 1010.6 2 5
 20031222 1200 1009.2 2 5
 20031223 1200 1008.4 2 5
 20031224 1200 1010.1 2 5
 20031225 1200 1011.2 2 5
 20031226 1200 1012.5 2 5
 20031227 1200 1012.0 2 5
 20031228 1200 1011.6 2 5
 20031229 1200 1011.1 2 5
 20031230 1200 1009.2 2 5
 20031231 1200 1008.2 2 5
 20040101 1200 1008.8 2 5
 20040102 1200 1009.2 2 5
 20040103 1200 1008.7 2 5
 20040104 1200 1009.6 2 5
 20040105 1200 1009.9 2 5
 20040106 1200 1011.2 2 5
 20040107 1200 1011.7 2 5
 20040108 1200 1012.5 2 5
 20040109 1200 1011.6 2 5
 20040110 1200 1010.8 2 5
 20040111 1200 1010.3 2 5
 20040112 1200 1010.8 2 5
 20040113 1200 1012.0 2 5
 20040114 1200 1013.2 2 5
 20040115 1200 1013.1 2 5
 20040116 1200 1012.6 2 5
 20040117 1200 1012.1 2 5
 20040118 1200 1011.2 2 5
 20040119 1200 1011.2 2 5
 20040120 1200 1012.8 2 5
 20040121 1200 1013.8 2 5
 20040122 1200 1013.2 2 5
 20040123 1200 1012.9 2 5
 20040124 1200 1012.2 2 5
 20040125 1200 1011.9 2 5
 20040126 1200 1012.3 2 5
 20040127 1200 1012.9 2 5
 20040128 1200 1012.2 2 5
 20040129 1200 1011.4 2 5
 20040130 1200 1010.7 2 5
 20040131 1200 1010.0 2 5
 20040201 1200 1009.8 2 5
 20040202 1200 1010.4 2 5
 20040203 1200 1010.9 2 5
 20040204 1200 1010.9 2 5
 20040205 1200 1010.9 2 5
 20040206 1200 1010.3 2 5
 20040207 1200 1010.1 2 5
 20040208 1200 1010.5 2 5
 20040209 1200 1010.7 2 5
 20040210 1200 1010.9 2 5
 20040211 1200 1010.9 2 5
 20040212 1200 1010.5 2 5
 20040213 1200 1012.0 2 5
 20040214 1200 1012.0 2 5
 20040215 1200 1010.5 2 5
 20040216 1200 1010.5 2 5
 20040217 1200 1011.4 2 5
 20040218 1200 1012.1 2 5
 20040219 1200 1012.1 2 5
 20040220 1200 1011.6 2 5
 20040221 1200 1010.7 2 5
 20040222 1200 1011.6 2 5
 20040223 1200 1012.0 2 5
 20040224 1200 1011.6 2 5
 20040225 1200 1010.7 2 5
 20040226 1200 1010.0 2 5
 20040227 1200 1009.7 2 5
 20040228 1200 1009.7 2 5
 20040229 1200 1009.6 2 5
 20040301 1200 1008.9 2 5
 20040302 1200 1009.4 2 5
 20040303 1200 1010.0 2 5
 20040304 1200 1010.6 2 5
 20040305 1200 1011.4 2 5
 20040306 1200 1011.7 2 5
 20040307 1200 1010.6 2 5
 20040308 1200 1010.3 2 5
 20040309 1200 1009.8 2 5
 20040310 1200 1008.8 2 5
 20040311 1200 1008.9 2 5
 20040312 1200 1008.3 2 5
 20040313 1200 1008.4 2 5
 20040314 1200 1009.3 2 5
 20040315 1200 1009.5 2 5
 20040316 1200 1007.4 2 5
 20040317 1200 1006.7 2 5
 20040318 1200 1006.4 2 5
 20040319 1200 1006.7 2 5
 20040320 1200 1007.7 2 5
 20040321 1200 1007.4 2 5
 20040322 1200 1006.5 2 5
 20040323 1200 1006.9 2 5
 20040324 1200 1008.2 2 5
 20040325 1200 1009.5 2 5
 20040326 1200 1010.2 2 5
 20040327 1200 1010.6 2 5
 20040328 1200 1010.5 2 5
 20040329 1200 1009.8 2 5
 20040330 1200 1010.1 2 5
 20040331 1200 1010.4 2 5
 20040401 1200 1010.5 2 5
 20040402 1200 1010.2 2 5
 20040403 1200 1010.2 2 5
 20040404 1200 1009.2 2 5
 20040405 1200 1009.7 2 5
 20040406 1200 1010.1 2 5
 20040407 1200 1010.0 2 5
 20040408 1200 1009.7 2 5
 20040409 1200 1010.2 2 5
 20040410 1200 1010.3 2 5
 20040411 1200 1009.4 2 5
 20040412 1200 1010.1 2 5
 20040413 1200 1011.3 2 5
 20040414 1200 1011.9 2 5
 20040415 1200 1011.5 2 5
 20040416 1200 1011.4 2 5
 20040417 1200 1010.4 2 5
 20040418 1200 1010.5 2 5
 20040419 1200 1011.1 2 5
 20040420 1200 1010.5 2 5
 20040421 1200 1011.1 2 5
 20040422 1200 1012.3 2 5
 20040423 1200 1011.9 2 5
 20040424 1200 1011.2 2 5
 20040425 1200 1010.8 2 5
 20040426 1200 1011.3 2 5
 20040427 1200 1010.5 2 5
 20040428 1200 1010.1 2 5
 20040429 1200 1010.2 2 5
 20040430 1200 1010.5 2 5
 20040501 1200 1010.0 2 5
 20040502 1200 1009.8 2 5
 20040503 1200 1010.9 2 5
 20040504 1200 1010.9 2 5
 20040505 1200 1011.0 2 5
 20040506 1200 1010.4 2 5
 20040507 1200 1010.6 2 5
 20040508 1200 1011.1 2 5
 20040509 1200 1010.9 2 5
 20040510 1200 1010.2 2 5
 20040511 1200 1008.9 2 5
 20040512 1200 1009.6 2 5
 20040513 1200 1008.8 2 5
 20040514 1200 1009.4 2 5
 20040515 1200 1011.0 2 5
 20040516 1200 1011.3 2 5
 20040517 1200 1012.3 2 5
 20040518 1200 1012.9 2 5
 20040519 1200 1013.4 2 5
 20040520 1200 1013.3 2 5
 20040521 1200 1014.0 2 5
 20040522 1200 1013.7 2 5
 20040523 1200 1012.2 2 5
 20040524 1200 1012.2 2 5
 20040525 1200 1013.0 2 5
 20040526 1200 1013.5 2 5
 20040527 1200 1013.6 2 5
 20040528 1200 1013.5 2 5
 20040529 1200 1012.5 2 5
 20040530 1200 1012.4 2 5
 20040531 1200 1011.9 2 5
 20040601 1200 1011.0 2 5
 20040602 1200 1011.3 2 5
 20040603 1200 1011.0 2 5
 20040604 1200 1011.9 2 5
 20040605 1200 1012.0 2 5
 20040606 1200 1010.7 2 5
 20040607 1200 1010.7 2 5
 20040608 1200 1012.1 2 5
 20040609 1200 1012.7 2 5
 20040610 1200 1011.8 2 5
 20040611 1200 1011.8 2 5
 20040612 1200 1011.7 2 5
 20040613 1200 1012.3 2 5
 20040614 1200 1012.2 2 5
 20040615 1200 1010.5 2 5
 20040616 1200 1010.7 2 5
 20040617 1200 1011.3 2 5
 20040618 1200 1012.6 2 5
 20040619 1200 1013.1 2 5
 20040620 1200 1012.5 2 5
 20040621 1200 1011.6 2 5
 20040622 1200 1011.0 2 5
 20040623 1200 1012.1 2 5
 20040624 1200 1012.5 2 5
 20040625 1200 1013.0 2 5
 20040626 1200 1011.6 2 5
 20040627 1200 1011.5 2 5
 20040628 1200 1012.5 2 5
 20040629 1200 1013.5 2 5
 20040630 1200 1012.2 2 5
 20040701 1200 1012.8 2 5
 20040702 1200 1012.8 2 5
 20040703 1200 1013.2 2 5
 20040704 1200 1012.8 2 5
 20040705 1200 1012.5 2 5
 20040706 1200 1013.1 2 5
 20040707 1200 1013.3 2 5
 20040708 1200 1012.4 2 5
 20040709 1200 1012.1 2 5
 20040710 1200 1012.8 2 5
 20040711 1200 1012.0 2 5
 20040712 1200 1011.8 2 5
 20040713 1200 1011.7 2 5
 20040714 1200 1012.4 2 5
 20040715 1200 1012.3 2 5
 20040716 1200 1012.7 2 5
 20040717 1200 1012.9 2 5
 20040718 1200 1013.0 2 5
 20040719 1200 1013.5 2 5
 20040720 1200 1013.7 2 5
 20040721 1200 1013.3 2 5
 20040722 1200 1012.8 2 5
 20040723 1200 1012.8 2 5
 20040724 1200 1012.8 2 5
 20040725 1200 1013.1 2 5
 20040726 1200 1013.0 2 5
 20040727 1200 1012.9 2 5
 20040728 1200 1013.3 2 5
 20040729 1200 1012.8 2 5
 20040730 1200 1011.7 2 5
 20040731 1200 1011.1 2 5
 20040801 1200 1012.0 2 5
 20040802 1200 1013.1 2 5
 20040803 1200 1013.1 2 5
 20040804 1200 1012.5 2 5
 20040805 1200 1011.9 2 5
 20040806 1200 1011.5 2 5
 20040807 1200 1010.3 2 5
 20040808 1200 1011.7 2 5
 20040809 1200 1013.1 2 5
 20040810 1200 1013.1 2 5
 20040811 1200 1012.5 2 5
 20040812 1200 1012.1 2 5
 20040813 1200 1012.3 2 5
 20040814 1200 1012.4 2 5
 20040815 1200 1013.1 2 5
 20040816 1200 1013.7 2 5
 20040817 1200 1013.0 2 5
 20040818 1200 1012.3 2 5
 20040819 1200 1012.8 2 5
 20040820 1200 1013.8 2 5
 20040821 1200 1014.1 2 5
 20040822 1200 1013.7 2 5
 20040823 1200 1014.0 2 5
 20040824 1200 1013.4 2 5
 20040825 1200 1013.1 2 5
 20040826 1200 1013.2 2 5
 20040827 1200 1013.7 2 5
 20040828 1200 1013.4 2 5
 20040829 1200 1013.0 2 5
 20040830 1200 1012.4 2 5
 20040831 1200 1012.7 2 5
 20040901 1200 1012.5 2 5
 20040902 1200 1012.4 2 5
 20040903 1200 1012.3 2 5
 20040904 1200 1013.5 2 5
 20040905 1200 1014.1 2 5
 20040906 1200 1014.4 2 5
 20040907 1200 1013.7 2 5
 20040908 1200 1012.5 2 5
 20040909 1200 1011.5 2 5
 20040910 1200 1012.0 2 5
 20040911 1200 1012.6 2 5
 20040912 1200 1012.9 2 5
 20040913 1200 1013.3 2 5
 20040914 1200 1013.3 2 5
 20040915 1200 1013.9 2 5
 20040916 1200 1013.9 2 5
 20040917 1200 1013.8 2 5
 20040918 1200 1013.4 2 5
 20040919 1200 1013.7 2 5
 20040920 1200 1013.0 2 5
 20040921 1200 1013.2 2 5
 20040922 1200 1013.1 2 5
 20040923 1200 1013.4 2 5
 20040924 1200 1013.4 2 5
 20040925 1200 1013.1 2 5
 20040926 1200 1012.3 2 5
 20040927 1200 1012.7 2 5
 20040928 1200 1013.4 2 5
 20040929 1200 1012.9 2 5
 20040930 1200 1012.5 2 5
 20041001 1200 1011.0 2 5
 20041002 1200 1011.4 2 5
 20041003 1200 1012.1 2 5
 20041004 1200 1012.2 2 5
 20041005 1200 1012.8 2 5
 20041006 1200 1013.3 2 5
 20041007 1200 1013.0 2 5
 20041008 1200 1012.4 2 5
 20041009 1200 1012.6 2 5
 20041010 1200 1013.0 2 5
 20041011 1200 1012.9 2 5
 20041012 1200 1013.4 2 5
 20041013 1200 1011.6 2 5
 20041014 1200 1011.3 2 5
 20041015 1200 1011.7 2 5
 20041016 1200 1012.7 2 5
 20041017 1200 1013.4 2 5
 20041018 1200 1013.7 2 5
 20041019 1200 1014.0 2 5
 20041020 1200 1014.1 2 5
 20041021 1200 1014.3 2 5
 20041022 1200 1013.9 2 5
 20041023 1200 1013.6 2 5
 20041024 1200 1012.9 2 5
 20041025 1200 1014.2 2 5
 20041026 1200 1013.8 2 5
 20041027 1200 1013.1 2 5
 20041028 1200 1012.8 2 5
 20041029 1200 1012.8 2 5
 20041030 1200 1012.4 2 5
 20041031 1200 1011.2 2 5
 20041101 1200 1012.4 2 5
 20041102 1200 1011.5 2 5
 20041103 1200 1009.9 2 5
 20041104 1200 1010.7 2 5
 20041105 1200 1011.4 2 5
 20041106 1200 1012.1 2 5
 20041107 1200 1011.8 2 5
 20041108 1200 1011.6 2 5
 20041109 1200 1012.3 2 5
 20041110 1200 1012.6 2 5
 20041111 1200 1011.4 2 5
 20041112 1200 1012.2 2 5
 20041113 1200 1012.3 2 5
 20041114 1200 1011.9 2 5
 20041115 1200 1012.5 2 5
 20041116 1200 1012.8 2 5
 20041117 1200   -9.9 0 0
 20041118 1200   -9.9 0 0
 20041119 1200 1012.5 2 1
 20041120 1200 1010.9 2 1
 20041121 1200 1010.9 2 1
 20041122 1200 1012.0 2 1
 20041123 1200 1012.1 2 1
 20041124 1200 1012.7 2 1
 20041125 1200 1012.9 2 1
 20041126 1200 1011.8 2 1
 20041127 1200 1011.3 2 1
 20041128 1200 1010.6 2 1
 20041129 1200 1010.6 2 1
 20041130 1200 1011.0 2 1
 20041201 1200 1011.0 2 1
 20041202 1200 1009.4 2 1
 20041203 1200 1009.2 2 1
 20041204 1200 1009.4 2 1
 20041205 1200 1010.9 2 1
 20041206 1200 1011.7 2 1
 20041207 1200 1011.9 2 1
 20041208 1200 1012.2 2 1
 20041209 1200 1012.2 2 1
 20041210 1200 1011.2 2 1
 20041211 1200 1011.1 2 1
 20041212 1200 1010.8 2 1
 20041213 1200 1010.9 2 1
 20041214 1200 1012.1 2 1
 20041215 1200 1012.8 2 1
 20041216 1200 1012.3 2 1
 20041217 1200 1011.2 2 1
 20041218 1200 1010.3 2 1
 20041219 1200 1011.1 2 1
 20041220 1200 1011.1 2 1
 20041221 1200 1010.2 2 1
 20041222 1200 1009.5 2 1
 20041223 1200 1009.9 2 1
 20041224 1200 1010.8 2 1
 20041225 1200 1010.3 2 1
 20041226 1200 1010.6 2 1
 20041227 1200 1010.8 2 1
 20041228 1200 1011.9 2 1
 20041229 1200 1011.5 2 1
 20041230 1200 1010.8 2 1
 20041231 1200 1011.0 2 1
 20050101 1200 1010.5 2 1
 20050102 1200 1010.1 2 1
 20050103 1200 1011.2 2 1
 20050104 1200 1010.9 2 1
 20050105 1200 1009.8 2 1
 20050106 1200 1009.8 2 1
 20050107 1200 1009.5 2 1
 20050108 1200 1010.0 2 1
 20050109 1200 1010.7 2 1
 20050110 1200 1011.5 2 1
 20050111 1200 1010.8 2 1
 20050112 1200 1009.8 2 1
 20050113 1200 1010.3 2 1
 20050114 1200 1012.5 2 1
 20050115 1200 1013.4 2 1
 20050116 1200 1012.9 2 1
 20050117 1200 1012.0 2 1
 20050118 1200 1010.9 2 1
 20050119 1200 1012.1 2 1
 20050120 1200 1013.2 2 1
 20050121 1200 1013.4 2 1
 20050122 1200 1013.0 2 1
 20050123 1200 1012.6 2 1
 20050124 1200 1012.2 2 1
 20050125 1200 1011.1 2 1
 20050126 1200 1010.7 2 1
 20050127 1200 1010.7 2 1
 20050128 1200 1010.7 2 1
 20050129 1200 1010.8 2 1
 20050130 1200 1009.3 2 1
 20050131 1200 1008.5 2 1
 20050201 1200 1009.1 2 1
 20050202 1200 1009.0 2 1
 20050203 1200 1008.5 2 1
 20050204 1200 1008.3 2 1
 20050205 1200 1008.5 2 1
 20050206 1200 1009.6 2 1
 20050207 1200 1010.0 2 1
 20050208 1200 1009.6 2 1
 20050209 1200 1008.4 2 1
 20050210 1200 1008.8 2 1
 20050211 1200 1010.5 2 1
 20050212 1200 1011.2 2 1
 20050213 1200 1011.2 2 1
 20050214 1200 1011.0 2 1
 20050215 1200 1011.3 2 1
 20050216 1200 1010.2 2 1
 20050217 1200 1007.7 2 1
 20050218 1200 1008.3 2 1
 20050219 1200 1010.4 2 1
 20050220 1200 1010.8 2 1
 20050221 1200 1010.5 2 1
 20050222 1200 1010.0 2 1
 20050223 1200 1010.3 2 1
 20050224 1200 1009.3 2 1
 20050225 1200 1009.3 2 1
 20050226 1200 1009.7 2 1
 20050227 1200 1011.0 2 1
 20050228 1200 1012.1 2 1
 20050301 1200 1012.1 2 1
 20050302 1200 1013.2 2 1
 20050303 1200 1013.5 2 1
 20050304 1200 1013.0 2 1
 20050305 1200 1014.3 2 1
 20050306 1200 1015.3 2 1
 20050307 1200 1014.0 2 1
 20050308 1200 1013.7 2 1
 20050309 1200 1012.2 2 1
 20050310 1200 1010.1 2 1
 20050311 1200 1010.3 2 1
 20050312 1200 1011.2 2 1
 20050313 1200 1011.1 2 1
 20050314 1200 1010.8 2 1
 20050315 1200 1009.7 2 1
 20050316 1200 1009.5 2 1
 20050317 1200 1010.7 2 1
 20050318 1200 1010.9 2 1
 20050319 1200 1010.9 2 1
 20050320 1200 1010.8 2 1
 20050321 1200 1010.1 2 1
 20050322 1200 1009.6 2 1
 20050323 1200 1010.5 2 1
 20050324 1200 1011.8 2 1
 20050325 1200 1012.2 2 1
 20050326 1200 1011.4 2 1
 20050327 1200 1010.6 2 1
 20050328 1200 1010.8 2 1
 20050329 1200 1011.8 2 1
 20050330 1200 1010.7 2 1
 20050331 1200 1010.4 2 1
 20050401 1200 1010.2 2 1
 Time: 1200 17 Apr 2005 to 1200  6 Oct 2005 (index  1470 to  1642,  173 times)
 Depth (M):        -3 QUALITY and SOURCE
 YYYYMMDD HHMM    SLP Q S
 20050417 1200 1009.7 2 5
 20050418 1200 1010.1 2 5
 20050419 1200 1010.1 2 5
 20050420 1200 1009.7 2 5
 20050421 1200 1009.7 2 5
 20050422 1200 1010.4 2 5
 20050423 1200 1011.0 2 5
 20050424 1200 1011.4 2 5
 20050425 1200 1011.1 2 5
 20050426 1200 1010.9 2 5
 20050427 1200 1012.1 2 5
 20050428 1200 1012.4 2 5
 20050429 1200 1011.8 2 5
 20050430 1200 1012.3 2 5
 20050501 1200 1012.3 2 5
 20050502 1200 1012.2 2 5
 20050503 1200 1012.0 2 5
 20050504 1200 1011.5 2 5
 20050505 1200 1010.7 2 5
 20050506 1200 1010.2 2 5
 20050507 1200 1010.4 2 5
 20050508 1200 1009.8 2 5
 20050509 1200 1008.5 2 5
 20050510 1200 1008.1 2 5
 20050511 1200 1007.7 2 5
 20050512 1200 1008.2 2 5
 20050513 1200 1009.8 2 5
 20050514 1200 1009.8 2 5
 20050515 1200 1010.8 2 5
 20050516 1200 1011.4 2 5
 20050517 1200 1011.4 2 5
 20050518 1200 1010.5 2 5
 20050519 1200 1010.4 2 5
 20050520 1200 1010.7 2 5
 20050521 1200 1011.3 2 5
 20050522 1200 1012.0 2 5
 20050523 1200 1011.4 2 5
 20050524 1200 1011.7 2 5
 20050525 1200 1011.3 2 5
 20050526 1200 1011.2 2 5
 20050527 1200 1011.2 2 5
 20050528 1200 1010.4 2 5
 20050529 1200 1011.3 2 5
 20050530 1200 1011.6 2 5
 20050531 1200 1011.2 2 5
 20050601 1200 1011.3 2 5
 20050602 1200 1010.8 2 5
 20050603 1200 1010.7 2 5
 20050604 1200 1012.1 2 5
 20050605 1200 1011.3 2 5
 20050606 1200 1011.4 2 5
 20050607 1200 1011.7 2 5
 20050608 1200 1011.0 2 5
 20050609 1200 1011.1 2 5
 20050610 1200 1011.1 2 5
 20050611 1200 1010.2 2 5
 20050612 1200 1011.2 2 5
 20050613 1200 1011.3 2 5
 20050614 1200 1010.5 2 5
 20050615 1200 1010.9 2 5
 20050616 1200 1012.0 2 5
 20050617 1200 1012.7 2 5
 20050618 1200 1011.5 2 5
 20050619 1200 1011.3 2 5
 20050620 1200 1011.9 2 5
 20050621 1200 1012.1 2 5
 20050622 1200 1012.1 2 5
 20050623 1200 1012.4 2 5
 20050624 1200 1012.2 2 5
 20050625 1200 1012.1 2 5
 20050626 1200 1012.5 2 5
 20050627 1200 1013.5 2 5
 20050628 1200 1011.9 2 5
 20050629 1200 1012.1 2 5
 20050630 1200 1012.9 2 5
 20050701 1200 1013.3 2 5
 20050702 1200 1012.4 2 5
 20050703 1200 1012.3 2 5
 20050704 1200 1013.4 2 5
 20050705 1200 1013.5 2 5
 20050706 1200 1012.0 2 5
 20050707 1200 1012.0 2 5
 20050708 1200 1012.4 2 5
 20050709 1200 1012.5 2 5
 20050710 1200 1012.2 2 5
 20050711 1200 1012.7 2 5
 20050712 1200 1013.8 2 5
 20050713 1200 1014.4 2 5
 20050714 1200 1013.1 2 5
 20050715 1200 1012.0 2 5
 20050716 1200 1012.0 2 5
 20050717 1200 1011.8 2 5
 20050718 1200 1011.9 2 5
 20050719 1200 1011.8 2 5
 20050720 1200 1011.9 2 5
 20050721 1200 1011.5 2 5
 20050722 1200 1011.5 2 5
 20050723 1200 1012.1 2 5
 20050724 1200 1011.9 2 5
 20050725 1200 1011.1 2 5
 20050726 1200 1010.4 2 5
 20050727 1200 1011.1 2 5
 20050728 1200 1010.6 2 5
 20050729 1200 1011.2 2 5
 20050730 1200 1012.0 2 5
 20050731 1200 1011.7 2 5
 20050801 1200 1012.3 2 5
 20050802 1200 1012.0 2 5
 20050803 1200 1011.7 2 5
 20050804 1200 1011.5 2 5
 20050805 1200 1011.8 2 5
 20050806 1200 1012.2 2 5
 20050807 1200 1013.1 2 5
 20050808 1200 1013.2 2 5
 20050809 1200 1013.0 2 5
 20050810 1200 1013.4 2 5
 20050811 1200 1014.0 2 5
 20050812 1200 1014.9 2 5
 20050813 1200 1014.4 2 5
 20050814 1200 1013.7 2 5
 20050815 1200 1014.4 2 5
 20050816 1200 1014.0 2 5
 20050817 1200 1013.5 2 5
 20050818 1200 1012.6 2 5
 20050819 1200 1012.7 2 5
 20050820 1200 1013.4 2 5
 20050821 1200 1013.3 2 5
 20050822 1200 1013.3 2 5
 20050823 1200 1013.3 2 5
 20050824 1200 1012.6 2 5
 20050825 1200 1013.9 2 5
 20050826 1200 1013.9 2 5
 20050827 1200 1012.8 2 5
 20050828 1200 1011.0 2 5
 20050829 1200 1011.3 2 5
 20050830 1200 1012.3 2 5
 20050831 1200 1012.5 2 5
 20050901 1200 1012.4 2 5
 20050902 1200 1011.3 2 5
 20050903 1200 1011.8 2 5
 20050904 1200 1012.0 2 5
 20050905 1200 1012.2 2 5
 20050906 1200 1011.3 2 5
 20050907 1200 1011.0 2 5
 20050908 1200 1011.1 2 5
 20050909 1200 1010.9 2 5
 20050910 1200 1011.6 2 5
 20050911 1200 1013.2 2 5
 20050912 1200 1014.0 2 5
 20050913 1200 1014.2 2 5
 20050914 1200 1013.4 2 5
 20050915 1200 1012.9 2 5
 20050916 1200 1013.2 2 5
 20050917 1200 1012.7 2 5
 20050918 1200 1012.5 2 5
 20050919 1200 1013.3 2 5
 20050920 1200 1014.8 2 5
 20050921 1200 1015.0 2 5
 20050922 1200 1014.1 2 5
 20050923 1200 1014.0 2 5
 20050924 1200 1014.1 2 5
 20050925 1200 1014.8 2 5
 20050926 1200 1014.3 2 5
 20050927 1200 1013.6 2 5
 20050928 1200 1014.0 2 5
 20050929 1200 1014.3 2 5
 20050930 1200 1013.9 2 5
 20051001 1200 1013.5 2 5
 20051002 1200 1013.4 2 5
 20051003 1200 1012.7 2 5
 20051004 1200 1012.6 2 5
 20051005 1200 1012.3 2 5
 20051006 1200 1012.3 2 5
 Time: 1200 16 Nov 2005 to 1200 21 Jul 2006 (index  1683 to  1930,  248 times)
 Depth (M):        -3 QUALITY and SOURCE
 YYYYMMDD HHMM    SLP Q S
 20051116 1200 1012.1 2 5
 20051117 1200 1012.2 2 5
 20051118 1200 1012.0 2 5
 20051119 1200 1011.8 2 5
 20051120 1200 1012.8 2 5
 20051121 1200 1013.3 2 5
 20051122 1200 1014.5 2 5
 20051123 1200 1013.9 2 5
 20051124 1200 1012.7 2 5
 20051125 1200 1013.7 2 5
 20051126 1200 1012.0 2 5
 20051127 1200 1011.4 2 5
 20051128 1200 1011.1 2 5
 20051129 1200 1011.3 2 5
 20051130 1200 1011.3 2 5
 20051201 1200 1010.7 2 5
 20051202 1200 1011.4 2 5
 20051203 1200 1013.0 2 5
 20051204 1200 1013.6 2 5
 20051205 1200 1013.1 2 5
 20051206 1200 1012.2 2 5
 20051207 1200 1011.1 2 5
 20051208 1200 1010.8 2 5
 20051209 1200 1010.6 2 5
 20051210 1200 1010.6 2 5
 20051211 1200 1010.4 2 5
 20051212 1200 1010.9 2 5
 20051213 1200 1011.9 2 5
 20051214 1200 1012.0 2 5
 20051215 1200 1011.8 2 5
 20051216 1200 1011.3 2 5
 20051217 1200 1012.7 2 5
 20051218 1200 1013.7 2 5
 20051219 1200 1013.3 2 5
 20051220 1200 1013.2 2 5
 20051221 1200 1013.1 2 5
 20051222 1200 1013.0 2 5
 20051223 1200 1013.4 2 5
 20051224 1200 1013.7 2 5
 20051225 1200 1013.6 2 5
 20051226 1200 1013.8 2 5
 20051227 1200 1014.6 2 5
 20051228 1200 1014.2 2 5
 20051229 1200 1012.5 2 5
 20051230 1200 1011.7 2 5
 20051231 1200 1012.2 2 5
 20060101 1200 1012.6 2 5
 20060102 1200 1013.4 2 5
 20060103 1200 1013.2 2 5
 20060104 1200 1013.0 2 5
 20060105 1200 1013.3 2 5
 20060106 1200 1011.9 2 5
 20060107 1200 1011.1 2 5
 20060108 1200 1011.0 2 5
 20060109 1200 1011.0 2 5
 20060110 1200 1011.4 2 5
 20060111 1200 1010.2 2 5
 20060112 1200 1008.7 2 5
 20060113 1200 1009.5 2 5
 20060114 1200 1011.4 2 5
 20060115 1200 1012.7 2 5
 20060116 1200 1012.4 2 5
 20060117 1200 1012.7 2 5
 20060118 1200 1012.7 2 5
 20060119 1200 1011.4 2 5
 20060120 1200 1009.5 2 5
 20060121 1200 1008.6 2 5
 20060122 1200 1008.7 2 5
 20060123 1200 1008.4 2 5
 20060124 1200 1007.8 2 5
 20060125 1200 1009.4 2 5
 20060126 1200 1010.6 2 5
 20060127 1200 1011.7 2 5
 20060128 1200 1012.0 2 5
 20060129 1200 1011.4 2 5
 20060130 1200 1011.0 2 5
 20060131 1200 1011.2 2 5
 20060201 1200 1012.0 2 5
 20060202 1200 1011.6 2 5
 20060203 1200 1011.0 2 5
 20060204 1200 1011.3 2 5
 20060205 1200 1010.8 2 5
 20060206 1200 1010.9 2 5
 20060207 1200 1011.0 2 5
 20060208 1200 1011.3 2 5
 20060209 1200 1011.6 2 5
 20060210 1200 1012.0 2 5
 20060211 1200 1011.9 2 5
 20060212 1200 1011.5 2 5
 20060213 1200 1012.0 2 5
 20060214 1200 1011.5 2 5
 20060215 1200 1009.6 2 5
 20060216 1200 1008.9 2 5
 20060217 1200 1008.7 2 5
 20060218 1200 1008.9 2 5
 20060219 1200 1009.1 2 5
 20060220 1200 1009.6 2 5
 20060221 1200 1009.7 2 5
 20060222 1200 1009.0 2 5
 20060223 1200 1009.1 2 5
 20060224 1200 1009.3 2 5
 20060225 1200 1010.6 2 5
 20060226 1200 1011.2 2 5
 20060227 1200 1010.9 2 5
 20060228 1200 1010.4 2 5
 20060301 1200 1010.2 2 5
 20060302 1200 1010.5 2 5
 20060303 1200 1010.2 2 5
 20060304 1200 1009.4 2 5
 20060305 1200 1009.9 2 5
 20060306 1200 1011.8 2 5
 20060307 1200 1012.0 2 5
 20060308 1200 1012.1 2 5
 20060309 1200 1010.4 2 5
 20060310 1200 1009.3 2 5
 20060311 1200 1010.1 2 5
 20060312 1200 1011.2 2 5
 20060313 1200 1010.5 2 5
 20060314 1200 1009.1 2 5
 20060315 1200 1009.8 2 5
 20060316 1200 1010.9 2 5
 20060317 1200 1010.4 2 5
 20060318 1200 1009.8 2 5
 20060319 1200 1008.9 2 5
 20060320 1200 1008.7 2 5
 20060321 1200 1009.5 2 5
 20060322 1200 1009.9 2 5
 20060323 1200 1010.8 2 5
 20060324 1200 1010.9 2 5
 20060325 1200 1010.3 2 5
 20060326 1200 1009.9 2 5
 20060327 1200 1010.1 2 5
 20060328 1200 1010.7 2 5
 20060329 1200 1011.5 2 5
 20060330 1200 1010.8 2 5
 20060331 1200 1010.9 2 5
 20060401 1200 1010.8 2 5
 20060402 1200 1010.2 2 5
 20060403 1200 1010.0 2 5
 20060404 1200 1011.0 2 5
 20060405 1200 1011.3 2 5
 20060406 1200 1009.7 2 5
 20060407 1200 1009.2 2 5
 20060408 1200 1010.2 2 5
 20060409 1200 1009.7 2 5
 20060410 1200 1008.7 2 5
 20060411 1200 1009.4 2 5
 20060412 1200   -9.9 0 0
 20060413 1200 1010.2 2 1
 20060414 1200 1010.2 2 1
 20060415 1200 1009.8 2 1
 20060416 1200 1010.4 2 1
 20060417 1200 1011.0 2 1
 20060418 1200 1010.3 2 1
 20060419 1200 1009.4 2 1
 20060420 1200 1008.2 2 1
 20060421 1200 1008.1 2 1
 20060422 1200 1009.1 2 1
 20060423 1200 1009.6 2 1
 20060424 1200 1010.4 2 1
 20060425 1200 1011.2 2 1
 20060426 1200 1011.4 2 1
 20060427 1200 1010.8 2 1
 20060428 1200 1010.8 2 1
 20060429 1200 1010.6 2 1
 20060430 1200 1008.9 2 1
 20060501 1200 1009.1 2 1
 20060502 1200 1009.9 2 1
 20060503 1200 1010.8 2 1
 20060504 1200 1011.4 2 1
 20060505 1200 1011.4 2 1
 20060506 1200 1010.8 2 1
 20060507 1200 1011.0 2 1
 20060508 1200 1011.2 2 1
 20060509 1200 1010.7 2 1
 20060510 1200 1011.2 2 1
 20060511 1200 1011.0 2 1
 20060512 1200 1010.8 2 1
 20060513 1200 1010.4 2 1
 20060514 1200 1011.3 2 1
 20060515 1200 1012.4 2 1
 20060516 1200 1013.0 2 1
 20060517 1200 1012.3 2 1
 20060518 1200 1012.5 2 1
 20060519 1200 1012.9 2 1
 20060520 1200 1013.0 2 1
 20060521 1200 1012.8 2 1
 20060522 1200 1012.0 2 1
 20060523 1200 1012.5 2 1
 20060524 1200 1012.6 2 1
 20060525 1200 1012.5 2 1
 20060526 1200 1011.1 2 1
 20060527 1200 1011.2 2 1
 20060528 1200 1010.7 2 1
 20060529 1200 1011.4 2 1
 20060530 1200 1011.8 2 1
 20060531 1200 1012.5 2 1
 20060601 1200 1011.8 2 1
 20060602 1200 1012.0 2 1
 20060603 1200 1014.0 2 1
 20060604 1200 1014.5 2 1
 20060605 1200 1014.3 2 1
 20060606 1200 1013.4 2 1
 20060607 1200 1013.5 2 1
 20060608 1200 1013.5 2 1
 20060609 1200 1013.0 2 1
 20060610 1200 1012.1 2 1
 20060611 1200 1010.5 2 1
 20060612 1200 1011.0 2 1
 20060613 1200 1012.2 2 1
 20060614 1200 1012.2 2 1
 20060615 1200 1011.8 2 1
 20060616 1200 1010.4 2 1
 20060617 1200 1010.1 2 1
 20060618 1200 1011.1 2 1
 20060619 1200 1011.3 2 1
 20060620 1200 1011.9 2 1
 20060621 1200 1011.5 2 1
 20060622 1200 1010.9 2 1
 20060623 1200 1010.7 2 1
 20060624 1200 1010.5 2 1
 20060625 1200 1011.0 2 1
 20060626 1200 1010.9 2 1
 20060627 1200 1010.1 2 1
 20060628 1200 1009.9 2 1
 20060629 1200 1009.6 2 1
 20060630 1200 1010.5 2 1
 20060701 1200 1011.5 2 1
 20060702 1200 1012.5 2 1
 20060703 1200 1013.8 2 1
 20060704 1200 1013.8 2 1
 20060705 1200 1012.6 2 1
 20060706 1200 1012.0 2 1
 20060707 1200 1013.1 2 1
 20060708 1200 1013.3 2 1
 20060709 1200 1012.3 2 1
 20060710 1200 1011.3 2 1
 20060711 1200 1011.6 2 1
 20060712 1200 1012.4 2 1
 20060713 1200 1012.4 2 1
 20060714 1200 1012.2 2 1
 20060715 1200 1012.3 2 1
 20060716 1200 1012.9 2 1
 20060717 1200 1013.2 2 1
 20060718 1200 1013.1 2 1
 20060719 1200 1013.2 2 1
 20060720 1200 1013.7 2 1
 20060721 1200 1013.3 2 1
 Time: 1200 22 Nov 2006 to 1200 13 Jun 2008 (index  2054 to  2623,  570 times)
 Depth (M):        -3 QUALITY and SOURCE
 YYYYMMDD HHMM    SLP Q S
 20061122 1200 1012.4 2 5
 20061123 1200 1011.9 2 5
 20061124 1200 1010.9 2 5
 20061125 1200 1010.0 2 5
 20061126 1200 1010.1 2 5
 20061127 1200 1011.1 2 5
 20061128 1200 1010.6 2 5
 20061129 1200 1009.7 2 5
 20061130 1200 1010.1 2 5
 20061201 1200 1010.2 2 5
 20061202 1200 1009.2 2 5
 20061203 1200 1008.8 2 5
 20061204 1200 1008.9 2 5
 20061205 1200 1009.6 2 5
 20061206 1200 1010.9 2 5
 20061207 1200 1012.2 2 5
 20061208 1200 1012.9 2 5
 20061209 1200 1012.4 2 5
 20061210 1200 1012.6 2 5
 20061211 1200 1013.1 2 5
 20061212 1200 1013.6 2 5
 20061213 1200 1013.6 2 5
 20061214 1200 1012.5 2 5
 20061215 1200 1010.7 2 5
 20061216 1200 1009.6 2 5
 20061217 1200 1010.4 2 5
 20061218 1200 1010.7 2 5
 20061219 1200 1011.7 2 5
 20061220 1200 1011.8 2 5
 20061221 1200 1012.0 2 5
 20061222 1200 1011.4 2 5
 20061223 1200 1011.5 2 5
 20061224 1200 1012.0 2 5
 20061225 1200 1012.1 2 5
 20061226 1200 1012.2 2 5
 20061227 1200 1011.3 2 5
 20061228 1200 1009.7 2 5
 20061229 1200 1010.4 2 5
 20061230 1200 1010.8 2 5
 20061231 1200 1010.5 2 5
 20070101 1200 1010.0 2 5
 20070102 1200 1009.7 2 5
 20070103 1200 1010.3 2 5
 20070104 1200 1010.5 2 5
 20070105 1200 1009.3 2 5
 20070106 1200 1009.4 2 5
 20070107 1200 1009.6 2 5
 20070108 1200 1009.9 2 5
 20070109 1200 1009.5 2 5
 20070110 1200 1008.7 2 5
 20070111 1200 1008.5 2 5
 20070112 1200 1007.7 2 5
 20070113 1200 1007.8 2 5
 20070114 1200 1007.4 2 5
 20070115 1200 1007.5 2 5
 20070116 1200 1008.3 2 5
 20070117 1200 1009.9 2 5
 20070118 1200 1010.3 2 5
 20070119 1200 1011.0 2 5
 20070120 1200 1010.9 2 5
 20070121 1200 1011.2 2 5
 20070122 1200 1010.5 2 5
 20070123 1200 1010.4 2 5
 20070124 1200 1011.1 2 5
 20070125 1200 1012.1 2 5
 20070126 1200 1011.4 2 5
 20070127 1200 1010.6 2 5
 20070128 1200 1009.8 2 5
 20070129 1200 1010.7 2 5
 20070130 1200 1011.1 2 5
 20070131 1200 1010.9 2 5
 20070201 1200 1010.3 2 5
 20070202 1200 1010.1 2 5
 20070203 1200 1009.9 2 5
 20070204 1200 1010.3 2 5
 20070205 1200 1010.6 2 5
 20070206 1200 1011.5 2 5
 20070207 1200 1011.7 2 5
 20070208 1200 1011.3 2 5
 20070209 1200 1011.6 2 5
 20070210 1200 1011.0 2 5
 20070211 1200 1010.6 2 5
 20070212 1200 1011.6 2 5
 20070213 1200 1012.3 2 5
 20070214 1200 1012.6 2 5
 20070215 1200 1012.7 2 5
 20070216 1200 1012.8 2 5
 20070217 1200 1012.7 2 5
 20070218 1200 1012.8 2 5
 20070219 1200 1012.8 2 5
 20070220 1200 1012.3 2 5
 20070221 1200 1009.9 2 5
 20070222 1200 1009.1 2 5
 20070223 1200 1009.5 2 5
 20070224 1200 1008.9 2 5
 20070225 1200 1008.3 2 5
 20070226 1200 1008.8 2 5
 20070227 1200 1008.7 2 5
 20070228 1200 1009.0 2 5
 20070301 1200 1008.3 2 5
 20070302 1200 1008.0 2 5
 20070303 1200 1008.8 2 5
 20070304 1200 1009.9 2 5
 20070305 1200 1010.4 2 5
 20070306 1200 1011.0 2 5
 20070307 1200 1011.0 2 5
 20070308 1200 1010.6 2 5
 20070309 1200 1010.2 2 5
 20070310 1200 1010.3 2 5
 20070311 1200 1010.4 2 5
 20070312 1200 1010.7 2 5
 20070313 1200 1011.3 2 5
 20070314 1200 1011.0 2 5
 20070315 1200 1010.3 2 5
 20070316 1200 1009.7 2 5
 20070317 1200 1009.9 2 5
 20070318 1200 1009.9 2 5
 20070319 1200 1010.1 2 5
 20070320 1200 1010.5 2 5
 20070321 1200 1010.4 2 5
 20070322 1200 1010.2 2 5
 20070323 1200 1009.2 2 5
 20070324 1200 1008.9 2 5
 20070325 1200 1010.6 2 5
 20070326 1200 1010.7 2 5
 20070327 1200 1010.1 2 5
 20070328 1200 1009.2 2 5
 20070329 1200 1008.6 2 5
 20070330 1200 1009.0 2 5
 20070331 1200 1008.6 2 5
 20070401 1200 1008.7 2 5
 20070402 1200 1010.3 2 5
 20070403 1200 1010.6 2 5
 20070404 1200 1010.5 2 5
 20070405 1200 1009.8 2 5
 20070406 1200 1010.1 2 5
 20070407 1200 1011.5 2 5
 20070408 1200 1012.4 2 5
 20070409 1200 1013.1 2 5
 20070410 1200 1012.4 2 5
 20070411 1200 1012.1 2 5
 20070412 1200   -9.9 0 0
 20070413 1200 1012.2 2 1
 20070414 1200 1012.1 2 1
 20070415 1200 1010.9 2 1
 20070416 1200 1011.6 2 1
 20070417 1200 1011.7 2 1
 20070418 1200 1011.1 2 1
 20070419 1200 1010.8 2 1
 20070420 1200 1011.4 2 1
 20070421 1200 1011.5 2 1
 20070422 1200 1010.7 2 1
 20070423 1200 1011.0 2 1
 20070424 1200 1012.1 2 1
 20070425 1200 1011.8 2 1
 20070426 1200 1011.3 2 1
 20070427 1200 1011.3 2 1
 20070428 1200 1011.2 2 1
 20070429 1200 1011.6 2 1
 20070430 1200 1011.5 2 1
 20070501 1200 1011.0 2 1
 20070502 1200 1010.8 2 1
 20070503 1200 1010.0 2 1
 20070504 1200 1009.7 2 1
 20070505 1200 1010.4 2 1
 20070506 1200 1009.9 2 1
 20070507 1200 1009.5 2 1
 20070508 1200 1010.1 2 1
 20070509 1200 1009.8 2 1
 20070510 1200 1010.2 2 1
 20070511 1200 1011.3 2 1
 20070512 1200 1011.4 2 1
 20070513 1200 1011.9 2 1
 20070514 1200 1011.5 2 1
 20070515 1200 1011.9 2 1
 20070516 1200 1012.1 2 1
 20070517 1200 1012.8 2 1
 20070518 1200 1011.6 2 1
 20070519 1200 1012.5 2 1
 20070520 1200 1012.8 2 1
 20070521 1200 1012.2 2 1
 20070522 1200 1012.1 2 1
 20070523 1200 1012.8 2 1
 20070524 1200 1012.4 2 1
 20070525 1200 1012.5 2 1
 20070526 1200 1013.2 2 1
 20070527 1200 1012.8 2 1
 20070528 1200 1012.5 2 1
 20070529 1200 1013.4 2 1
 20070530 1200 1014.3 2 1
 20070531 1200 1013.7 2 1
 20070601 1200 1012.6 2 1
 20070602 1200 1012.9 2 1
 20070603 1200 1013.2 2 1
 20070604 1200 1013.7 2 1
 20070605 1200 1013.8 2 1
 20070606 1200 1013.6 2 1
 20070607 1200 1012.7 2 1
 20070608 1200 1012.7 2 1
 20070609 1200 1012.0 2 1
 20070610 1200 1010.9 2 1
 20070611 1200 1010.7 2 1
 20070612 1200 1011.0 2 1
 20070613 1200 1011.3 2 1
 20070614 1200 1011.1 2 1
 20070615 1200 1011.3 2 1
 20070616 1200 1011.9 2 1
 20070617 1200 1011.3 2 1
 20070618 1200 1010.7 2 1
 20070619 1200 1010.6 2 1
 20070620 1200 1011.8 2 1
 20070621 1200 1012.4 2 1
 20070622 1200 1012.9 2 1
 20070623 1200 1012.7 2 1
 20070624 1200 1010.8 2 1
 20070625 1200 1011.0 2 1
 20070626 1200 1011.6 2 1
 20070627 1200 1012.0 2 1
 20070628 1200 1011.8 2 1
 20070629 1200 1012.8 2 1
 20070630 1200 1013.4 2 1
 20070701 1200 1012.8 2 1
 20070702 1200 1013.1 2 1
 20070703 1200 1012.8 2 1
 20070704 1200 1011.5 2 1
 20070705 1200 1011.1 2 1
 20070706 1200 1011.5 2 1
 20070707 1200 1011.8 2 1
 20070708 1200 1012.0 2 1
 20070709 1200 1012.0 2 1
 20070710 1200 1012.2 2 1
 20070711 1200 1012.3 2 1
 20070712 1200 1013.2 2 1
 20070713 1200 1013.2 2 1
 20070714 1200 1013.3 2 1
 20070715 1200 1013.0 2 1
 20070716 1200 1013.8 2 1
 20070717 1200 1014.6 2 1
 20070718 1200 1014.6 2 1
 20070719 1200 1014.3 2 1
 20070720 1200 1014.1 2 1
 20070721 1200 1014.6 2 1
 20070722 1200 1015.4 2 1
 20070723 1200 1014.2 2 1
 20070724 1200 1014.0 2 1
 20070725 1200 1013.6 2 1
 20070726 1200 1013.2 2 1
 20070727 1200 1012.5 2 1
 20070728 1200 1012.3 2 1
 20070729 1200 1012.4 2 1
 20070730 1200 1012.2 2 1
 20070731 1200 1011.7 2 1
 20070801 1200 1011.3 2 1
 20070802 1200 1012.4 2 1
 20070803 1200 1012.9 2 1
 20070804 1200 1013.3 2 1
 20070805 1200 1013.9 2 1
 20070806 1200 1014.1 2 1
 20070807 1200 1014.4 2 1
 20070808 1200 1013.8 2 1
 20070809 1200 1013.6 2 1
 20070810 1200 1014.1 2 1
 20070811 1200 1013.3 2 1
 20070812 1200 1014.3 2 1
 20070813 1200 1014.5 2 1
 20070814 1200 1014.4 2 1
 20070815 1200 1013.6 2 1
 20070816 1200 1013.8 2 1
 20070817 1200 1013.7 2 1
 20070818 1200 1013.6 2 1
 20070819 1200 1013.1 2 1
 20070820 1200 1013.4 2 1
 20070821 1200 1013.6 2 1
 20070822 1200 1013.6 2 1
 20070823 1200 1014.0 2 1
 20070824 1200 1014.3 2 1
 20070825 1200 1014.9 2 1
 20070826 1200 1014.4 2 1
 20070827 1200 1014.1 2 1
 20070828 1200 1013.6 2 1
 20070829 1200 1014.8 2 1
 20070830 1200 1014.7 2 1
 20070831 1200 1014.2 2 1
 20070901 1200 1013.9 2 1
 20070902 1200 1014.2 2 1
 20070903 1200 1014.9 2 1
 20070904 1200 1014.2 2 1
 20070905 1200 1013.3 2 1
 20070906 1200 1013.6 2 1
 20070907 1200 1014.6 2 1
 20070908 1200 1014.2 2 1
 20070909 1200 1012.8 2 1
 20070910 1200 1011.8 2 1
 20070911 1200 1011.9 2 1
 20070912 1200 1012.6 2 1
 20070913 1200 1012.9 2 1
 20070914 1200 1013.2 2 1
 20070915 1200 1013.7 2 1
 20070916 1200 1013.6 2 1
 20070917 1200 1013.3 2 1
 20070918 1200 1013.6 2 1
 20070919 1200 1012.9 2 1
 20070920 1200 1013.2 2 1
 20070921 1200 1013.3 2 1
 20070922 1200 1013.9 2 1
 20070923 1200 1014.0 2 1
 20070924 1200 1014.0 2 1
 20070925 1200 1014.4 2 1
 20070926 1200 1014.4 2 1
 20070927 1200 1013.3 2 1
 20070928 1200 1012.7 2 1
 20070929 1200 1013.2 2 1
 20070930 1200 1013.8 2 1
 20071001 1200 1014.9 2 1
 20071002 1200 1015.1 2 1
 20071003 1200 1014.8 2 1
 20071004 1200 1014.3 2 1
 20071005 1200 1014.2 2 1
 20071006 1200 1014.1 2 1
 20071007 1200 1013.7 2 1
 20071008 1200 1013.2 2 1
 20071009 1200 1013.8 2 1
 20071010 1200 1015.1 2 1
 20071011 1200 1014.5 2 1
 20071012 1200 1013.8 2 1
 20071013 1200 1013.7 2 1
 20071014 1200 1013.3 2 1
 20071015 1200 1012.9 2 1
 20071016 1200 1013.2 2 1
 20071017 1200 1013.8 2 1
 20071018 1200 1014.7 2 1
 20071019 1200 1014.2 2 1
 20071020 1200 1014.0 2 1
 20071021 1200 1013.7 2 1
 20071022 1200 1013.9 2 1
 20071023 1200 1013.6 2 1
 20071024 1200 1013.9 2 1
 20071025 1200 1013.1 2 1
 20071026 1200 1013.0 2 1
 20071027 1200 1013.4 2 1
 20071028 1200 1013.9 2 1
 20071029 1200 1013.8 2 1
 20071030 1200 1013.9 2 1
 20071031 1200 1014.1 2 1
 20071101 1200 1013.8 2 1
 20071102 1200 1013.8 2 1
 20071103 1200 1014.0 2 1
 20071104 1200 1013.0 2 1
 20071105 1200 1011.7 2 1
 20071106 1200 1010.7 2 1
 20071107 1200 1011.1 2 1
 20071108 1200 1012.1 2 1
 20071109 1200 1013.3 2 1
 20071110 1200 1012.6 2 1
 20071111 1200 1012.0 2 1
 20071112 1200 1011.7 2 1
 20071113 1200 1011.6 2 1
 20071114 1200 1009.8 2 1
 20071115 1200 1009.9 2 1
 20071116 1200 1011.0 2 1
 20071117 1200 1011.0 2 1
 20071118 1200 1010.2 2 1
 20071119 1200 1010.5 2 1
 20071120 1200 1010.9 2 1
 20071121 1200 1011.7 2 1
 20071122 1200 1013.1 2 1
 20071123 1200 1012.8 2 1
 20071124 1200 1011.8 2 1
 20071125 1200 1011.3 2 1
 20071126 1200 1012.3 2 1
 20071127 1200 1013.1 2 1
 20071128 1200 1012.7 2 1
 20071129 1200 1013.3 2 1
 20071130 1200 1014.5 2 1
 20071201 1200 1014.5 2 1
 20071202 1200 1014.8 2 1
 20071203 1200 1015.7 2 1
 20071204 1200 1016.4 2 1
 20071205 1200 1014.4 2 1
 20071206 1200 1014.5 2 1
 20071207 1200 1015.3 2 1
 20071208 1200 1015.3 2 1
 20071209 1200 1013.5 2 1
 20071210 1200 1012.5 2 1
 20071211 1200 1012.2 2 1
 20071212 1200 1012.4 2 1
 20071213 1200 1013.5 2 1
 20071214 1200 1014.3 2 1
 20071215 1200 1014.2 2 1
 20071216 1200 1013.3 2 1
 20071217 1200 1013.3 2 1
 20071218 1200 1014.3 2 1
 20071219 1200 1014.1 2 1
 20071220 1200 1013.5 2 1
 20071221 1200 1012.2 2 1
 20071222 1200 1011.6 2 1
 20071223 1200 1012.4 2 1
 20071224 1200 1012.2 2 1
 20071225 1200 1012.2 2 1
 20071226 1200 1011.5 2 1
 20071227 1200 1010.6 2 1
 20071228 1200 1011.2 2 1
 20071229 1200   -9.9 0 0
 20071230 1200   -9.9 0 0
 20071231 1200 1010.8 2 1
 20080101 1200 1011.2 2 1
 20080102 1200 1011.3 2 1
 20080103 1200 1011.5 2 1
 20080104 1200 1012.1 2 1
 20080105 1200 1012.8 2 1
 20080106 1200 1012.8 2 1
 20080107 1200 1013.6 2 1
 20080108 1200 1013.6 2 1
 20080109 1200 1012.7 2 1
 20080110 1200 1012.5 2 1
 20080111 1200 1011.0 2 1
 20080112 1200 1010.5 2 1
 20080113 1200 1010.7 2 1
 20080114 1200 1011.3 2 1
 20080115 1200 1011.9 2 1
 20080116 1200 1011.2 2 1
 20080117 1200 1010.8 2 1
 20080118 1200 1010.9 2 1
 20080119 1200 1011.0 2 1
 20080120 1200 1010.5 2 1
 20080121 1200 1010.4 2 1
 20080122 1200 1011.0 2 1
 20080123 1200 1010.8 2 1
 20080124 1200 1011.3 2 1
 20080125 1200 1011.7 2 1
 20080126 1200 1012.3 2 1
 20080127 1200 1012.5 2 1
 20080128 1200 1013.0 2 1
 20080129 1200 1013.2 2 1
 20080130 1200 1013.4 2 1
 20080131 1200 1013.2 2 1
 20080201 1200 1013.1 2 1
 20080202 1200 1012.6 2 1
 20080203 1200 1012.5 2 1
 20080204 1200 1012.4 2 1
 20080205 1200 1012.7 2 1
 20080206 1200 1012.5 2 1
 20080207 1200 1012.6 2 1
 20080208 1200 1011.5 2 1
 20080209 1200 1011.4 2 1
 20080210 1200 1011.6 2 1
 20080211 1200 1012.1 2 1
 20080212 1200 1011.5 2 1
 20080213 1200 1011.8 2 1
 20080214 1200 1012.4 2 1
 20080215 1200 1013.6 2 1
 20080216 1200 1013.7 2 1
 20080217 1200 1012.8 2 1
 20080218 1200 1013.1 2 1
 20080219 1200 1014.7 2 1
 20080220 1200 1014.7 2 1
 20080221 1200 1013.4 2 1
 20080222 1200 1013.0 2 1
 20080223 1200 1012.7 2 1
 20080224 1200 1013.2 2 1
 20080225 1200 1012.9 2 1
 20080226 1200 1012.4 2 1
 20080227 1200 1011.8 2 1
 20080228 1200 1011.5 2 1
 20080229 1200 1010.9 2 1
 20080301 1200 1011.7 2 1
 20080302 1200 1011.4 2 1
 20080303 1200 1011.8 2 1
 20080304 1200 1012.1 2 1
 20080305 1200 1012.5 2 1
 20080306 1200 1012.5 2 1
 20080307 1200 1012.1 2 1
 20080308 1200 1011.6 2 1
 20080309 1200 1011.6 2 1
 20080310 1200 1012.4 2 1
 20080311 1200 1012.3 2 1
 20080312 1200 1012.3 2 1
 20080313 1200 1012.8 2 1
 20080314 1200 1012.3 2 1
 20080315 1200 1011.1 2 1
 20080316 1200 1011.2 2 1
 20080317 1200 1011.8 2 1
 20080318 1200 1011.4 2 1
 20080319 1200 1010.2 2 1
 20080320 1200 1009.4 2 1
 20080321 1200 1010.2 2 1
 20080322 1200 1010.5 2 1
 20080323 1200 1009.6 2 1
 20080324 1200 1009.6 2 1
 20080325 1200 1010.6 2 1
 20080326 1200 1011.5 2 1
 20080327 1200 1010.7 2 1
 20080328 1200 1010.1 2 1
 20080329 1200 1010.2 2 1
 20080330 1200 1010.7 2 1
 20080331 1200 1011.8 2 1
 20080401 1200 1011.9 2 1
 20080402 1200 1011.8 2 1
 20080403 1200 1011.9 2 1
 20080404 1200 1011.6 2 1
 20080405 1200 1010.7 2 1
 20080406 1200 1010.8 2 1
 20080407 1200 1010.2 2 1
 20080408 1200 1010.1 2 1
 20080409 1200 1010.5 2 1
 20080410 1200 1010.4 2 1
 20080411 1200 1010.0 2 1
 20080412 1200 1010.1 2 1
 20080413 1200 1009.8 2 1
 20080414 1200 1009.3 2 1
 20080415 1200 1009.3 2 1
 20080416 1200 1008.4 2 1
 20080417 1200 1008.7 2 1
 20080418 1200 1009.0 2 1
 20080419 1200 1009.2 2 1
 20080420 1200 1010.0 2 1
 20080421 1200 1010.0 2 1
 20080422 1200 1009.6 2 1
 20080423 1200 1010.0 2 1
 20080424 1200 1010.0 2 1
 20080425 1200 1009.7 2 1
 20080426 1200 1009.5 2 1
 20080427 1200 1009.3 2 1
 20080428 1200 1010.3 2 1
 20080429 1200 1011.5 2 1
 20080430 1200 1011.5 2 1
 20080501 1200 1011.1 2 1
 20080502 1200 1010.5 2 1
 20080503 1200 1011.2 2 1
 20080504 1200 1010.8 2 1
 20080505 1200 1010.0 2 1
 20080506 1200 1009.2 2 1
 20080507 1200 1008.8 2 1
 20080508 1200 1009.3 2 1
 20080509 1200 1009.9 2 1
 20080510 1200 1010.7 2 1
 20080511 1200 1010.9 2 1
 20080512 1200 1010.9 2 1
 20080513 1200 1010.8 2 1
 20080514 1200 1011.8 2 1
 20080515 1200 1011.9 2 1
 20080516 1200 1011.7 2 1
 20080517 1200 1012.3 2 1
 20080518 1200 1012.0 2 1
 20080519 1200 1012.1 2 1
 20080520 1200 1013.0 2 1
 20080521 1200 1013.5 2 1
 20080522 1200 1012.8 2 1
 20080523 1200 1012.7 2 1
 20080524 1200 1013.7 2 1
 20080525 1200 1013.7 2 1
 20080526 1200 1012.3 2 1
 20080527 1200 1011.6 2 1
 20080528 1200 1011.5 2 1
 20080529 1200 1011.3 2 1
 20080530 1200 1010.6 2 1
 20080531 1200 1011.5 2 1
 20080601 1200 1012.6 2 1
 20080602 1200 1012.8 2 1
 20080603 1200 1012.7 2 1
 20080604 1200 1012.5 2 1
 20080605 1200 1012.1 2 1
 20080606 1200 1012.0 2 1
 20080607 1200 1012.0 2 1
 20080608 1200 1011.2 2 1
 20080609 1200 1011.3 2 1
 20080610 1200 1011.2 2 1
 20080611 1200 1011.0 2 1
 20080612 1200 1010.9 2 1
 20080613 1200 1010.9 2 1
 Time: 1200  3 Jul 2008 to 1200 26 Nov 2008 (index  2643 to  2789,  147 times)
 Depth (M):        -3 QUALITY and SOURCE
 YYYYMMDD HHMM    SLP Q S
 20080703 1200 1013.8 2 1
 20080704 1200 1014.0 2 1
 20080705 1200 1013.9 2 1
 20080706 1200 1013.1 2 1
 20080707 1200 1013.2 2 1
 20080708 1200 1013.0 2 1
 20080709 1200 1012.5 2 1
 20080710 1200 1013.0 2 1
 20080711 1200 1014.2 2 1
 20080712 1200 1015.1 2 1
 20080713 1200 1014.1 2 1
 20080714 1200 1012.7 2 1
 20080715 1200 1012.8 2 1
 20080716 1200 1013.2 2 1
 20080717 1200 1013.3 2 1
 20080718 1200 1012.0 2 1
 20080719 1200 1011.1 2 1
 20080720 1200 1011.1 2 1
 20080721 1200 1011.9 2 1
 20080722 1200 1011.8 2 1
 20080723 1200 1011.7 2 1
 20080724 1200 1011.4 2 1
 20080725 1200 1012.1 2 1
 20080726 1200 1012.6 2 1
 20080727 1200 1012.9 2 1
 20080728 1200 1012.7 2 1
 20080729 1200 1013.7 2 1
 20080730 1200 1013.7 2 1
 20080731 1200 1013.4 2 1
 20080801 1200 1012.3 2 1
 20080802 1200 1012.5 2 1
 20080803 1200 1011.8 2 1
 20080804 1200 1011.3 2 1
 20080805 1200 1011.1 2 1
 20080806 1200 1011.4 2 1
 20080807 1200 1012.4 2 1
 20080808 1200 1011.5 2 1
 20080809 1200 1012.5 2 1
 20080810 1200 1013.1 2 1
 20080811 1200 1014.3 2 1
 20080812 1200 1013.5 2 1
 20080813 1200 1012.5 2 1
 20080814 1200 1013.3 2 1
 20080815 1200 1014.9 2 1
 20080816 1200 1014.7 2 1
 20080817 1200 1013.5 2 1
 20080818 1200 1013.5 2 1
 20080819 1200 1013.9 2 1
 20080820 1200 1012.8 2 1
 20080821 1200 1012.0 2 1
 20080822 1200 1012.3 2 1
 20080823 1200 1013.2 2 1
 20080824 1200 1013.7 2 1
 20080825 1200 1013.5 2 1
 20080826 1200 1012.6 2 1
 20080827 1200 1012.7 2 1
 20080828 1200 1012.7 2 1
 20080829 1200 1011.3 2 1
 20080830 1200 1011.1 2 1
 20080831 1200 1011.8 2 1
 20080901 1200 1011.2 2 1
 20080902 1200 1012.0 2 1
 20080903 1200 1013.0 2 1
 20080904 1200 1012.8 2 1
 20080905 1200 1011.7 2 1
 20080906 1200 1011.6 2 1
 20080907 1200 1011.8 2 1
 20080908 1200 1012.2 2 1
 20080909 1200 1011.9 2 1
 20080910 1200 1011.9 2 1
 20080911 1200 1012.4 2 1
 20080912 1200 1012.6 2 1
 20080913 1200 1011.8 2 1
 20080914 1200 1011.8 2 1
 20080915 1200 1013.2 2 1
 20080916 1200 1014.1 2 1
 20080917 1200 1013.9 2 1
 20080918 1200 1013.0 2 1
 20080919 1200 1013.8 2 1
 20080920 1200 1013.7 2 1
 20080921 1200 1013.8 2 1
 20080922 1200 1014.1 2 1
 20080923 1200 1013.5 2 1
 20080924 1200 1011.7 2 1
 20080925 1200 1010.6 2 1
 20080926 1200 1012.0 2 1
 20080927 1200 1013.8 2 1
 20080928 1200 1014.3 2 1
 20080929 1200 1013.4 2 1
 20080930 1200 1013.7 2 1
 20081001 1200 1013.9 2 1
 20081002 1200 1014.2 2 1
 20081003 1200 1013.7 2 1
 20081004 1200 1013.6 2 1
 20081005 1200 1013.3 2 1
 20081006 1200 1013.9 2 1
 20081007 1200 1013.4 2 1
 20081008 1200 1013.2 2 1
 20081009 1200 1013.1 2 1
 20081010 1200 1012.5 2 1
 20081011 1200 1013.3 2 1
 20081012 1200 1013.4 2 1
 20081013 1200 1013.5 2 1
 20081014 1200 1012.7 2 1
 20081015 1200 1012.9 2 1
 20081016 1200 1012.5 2 1
 20081017 1200 1014.1 2 1
 20081018 1200 1014.2 2 1
 20081019 1200 1013.1 2 1
 20081020 1200 1013.2 2 1
 20081021 1200 1013.0 2 1
 20081022 1200 1013.2 2 1
 20081023 1200 1013.0 2 1
 20081024 1200 1013.4 2 1
 20081025 1200 1013.4 2 1
 20081026 1200 1013.2 2 1
 20081027 1200 1013.5 2 1
 20081028 1200 1013.4 2 1
 20081029 1200 1013.6 2 1
 20081030 1200 1014.1 2 1
 20081031 1200 1014.5 2 1
 20081101 1200 1014.9 2 1
 20081102 1200 1013.8 2 1
 20081103 1200 1013.2 2 1
 20081104 1200 1013.4 2 1
 20081105 1200 1013.5 2 1
 20081106 1200 1013.5 2 1
 20081107 1200 1013.1 2 1
 20081108 1200 1012.4 2 1
 20081109 1200 1011.3 2 1
 20081110 1200 1012.3 2 1
 20081111 1200 1012.5 2 1
 20081112 1200 1012.7 2 1
 20081113 1200 1012.2 2 1
 20081114 1200 1011.7 2 1
 20081115 1200 1011.2 2 1
 20081116 1200 1011.3 2 1
 20081117 1200 1011.7 2 1
 20081118 1200 1012.2 2 1
 20081119 1200 1011.7 2 1
 20081120 1200 1011.0 2 1
 20081121 1200 1010.9 2 1
 20081122 1200 1011.5 2 1
 20081123 1200 1011.6 2 1
 20081124 1200 1011.7 2 1
 20081125 1200 1012.8 2 1
 20081126 1200 1014.0 2 1
 Time: 1200 29 Dec 2008 to 1200 27 Feb 2009 (index  2822 to  2882,   61 times)
 Depth (M):        -3 QUALITY and SOURCE
 YYYYMMDD HHMM    SLP Q S
 20081229 1200 1011.7 2 1
 20081230 1200 1010.9 2 1
 20081231 1200 1011.1 2 1
 20090101 1200 1010.3 2 1
 20090102 1200 1011.0 2 1
 20090103 1200 1011.3 2 1
 20090104 1200 1011.8 2 1
 20090105 1200 1012.6 2 1
 20090106 1200 1012.8 2 1
 20090107 1200 1012.2 2 1
 20090108 1200 1011.3 2 1
 20090109 1200 1011.5 2 1
 20090110 1200 1012.0 2 1
 20090111 1200 1011.9 2 1
 20090112 1200 1012.2 2 1
 20090113 1200 1013.2 2 1
 20090114 1200 1013.0 2 1
 20090115 1200 1012.9 2 1
 20090116 1200 1013.5 2 1
 20090117 1200 1014.0 2 1
 20090118 1200 1014.1 2 1
 20090119 1200 1013.9 2 1
 20090120 1200 1013.3 2 1
 20090121 1200 1013.5 2 1
 20090122 1200 1012.4 2 1
 20090123 1200 1013.2 2 1
 20090124 1200 1012.4 2 1
 20090125 1200 1010.8 2 1
 20090126 1200 1009.6 2 1
 20090127 1200 1009.9 2 1
 20090128 1200 1011.5 2 1
 20090129 1200 1011.8 2 1
 20090130 1200 1011.5 2 1
 20090131 1200 1011.5 2 1
 20090201 1200 1011.0 2 1
 20090202 1200 1011.2 2 1
 20090203 1200 1010.9 2 1
 20090204 1200 1010.2 2 1
 20090205 1200 1011.8 2 1
 20090206 1200 1011.9 2 1
 20090207 1200 1011.7 2 1
 20090208 1200 1011.5 2 1
 20090209 1200 1011.4 2 1
 20090210 1200 1011.0 2 1
 20090211 1200 1011.2 2 1
 20090212 1200 1011.5 2 1
 20090213 1200 1012.1 2 1
 20090214 1200 1011.4 2 1
 20090215 1200 1011.0 2 1
 20090216 1200 1011.4 2 1
 20090217 1200 1011.4 2 1
 20090218 1200 1010.9 2 1
 20090219 1200 1009.8 2 1
 20090220 1200 1008.8 2 1
 20090221 1200 1009.1 2 1
 20090222 1200 1010.4 2 1
 20090223 1200 1011.3 2 1
 20090224 1200 1010.8 2 1
 20090225 1200 1010.0 2 1
 20090226 1200 1009.6 2 1
 20090227 1200 1012.9 2 1
 Time: 1200 20 Sep 2009 to 1200  2 Nov 2009 (index  3087 to  3130,   44 times)
 Depth (M):        -3 QUALITY and SOURCE
 YYYYMMDD HHMM    SLP Q S
 20090920 1200 1011.4 2 1
 20090921 1200 1011.5 2 1
 20090922 1200 1011.2 2 1
 20090923 1200 1010.2 2 1
 20090924 1200 1010.1 2 1
 20090925 1200 1010.0 2 1
 20090926 1200 1010.9 2 1
 20090927 1200 1011.4 2 1
 20090928 1200 1011.6 2 1
 20090929 1200 1011.7 2 1
 20090930 1200 1011.5 2 1
 20091001 1200 1011.5 2 1
 20091002 1200 1012.3 2 1
 20091003 1200 1011.9 2 1
 20091004 1200 1011.5 2 1
 20091005 1200 1011.6 2 1
 20091006 1200 1011.7 2 1
 20091007 1200 1011.6 2 1
 20091008 1200 1012.3 2 1
 20091009 1200 1013.5 2 1
 20091010 1200 1012.3 2 1
 20091011 1200 1013.0 2 1
 20091012 1200 1012.8 2 1
 20091013 1200 1012.1 2 1
 20091014 1200 1011.8 2 1
 20091015 1200 1011.0 2 1
 20091016 1200 1010.6 2 1
 20091017 1200 1011.5 2 1
 20091018 1200 1012.0 2 1
 20091019 1200 1012.7 2 1
 20091020 1200 1011.8 2 1
 20091021 1200 1011.6 2 1
 20091022 1200 1010.7 2 1
 20091023 1200 1011.4 2 1
 20091024 1200 1010.6 2 1
 20091025 1200 1010.5 2 1
 20091026 1200 1011.0 2 1
 20091027 1200 1011.4 2 1
 20091028 1200 1012.0 2 1
 20091029 1200 1011.9 2 1
 20091030 1200 1012.2 2 1
 20091031 1200 1012.2 2 1
 20091101 1200 1012.5 2 1
 20091102 1200 1013.0 2 1
 Time: 1200 16 Mar 2010 to 1200 13 Jul 2010 (index  3264 to  3383,  120 times)
 Depth (M):        -3 QUALITY and SOURCE
 YYYYMMDD HHMM    SLP Q S
 20100316 1200 1009.8 2 1
 20100317 1200 1009.8 2 1
 20100318 1200 1009.2 2 1
 20100319 1200 1009.4 2 1
 20100320 1200 1010.3 2 1
 20100321 1200 1010.3 2 1
 20100322 1200 1009.8 2 1
 20100323 1200 1009.7 2 1
 20100324 1200 1009.8 2 1
 20100325 1200 1009.3 2 1
 20100326 1200 1008.3 2 1
 20100327 1200 1008.0 2 1
 20100328 1200 1008.0 2 1
 20100329 1200 1009.0 2 1
 20100330 1200 1008.8 2 1
 20100331 1200 1009.2 2 1
 20100401 1200 1009.4 2 1
 20100402 1200 1009.2 2 1
 20100403 1200 1008.3 2 1
 20100404 1200 1008.9 2 1
 20100405 1200 1009.7 2 1
 20100406 1200 1009.7 2 1
 20100407 1200 1009.0 2 1
 20100408 1200 1008.8 2 1
 20100409 1200 1008.1 2 1
 20100410 1200 1010.0 2 1
 20100411 1200 1011.3 2 1
 20100412 1200 1011.3 2 1
 20100413 1200 1009.3 2 1
 20100414 1200 1009.2 2 1
 20100415 1200 1009.8 2 1
 20100416 1200 1009.9 2 1
 20100417 1200 1009.9 2 1
 20100418 1200 1010.1 2 1
 20100419 1200 1010.5 2 1
 20100420 1200 1009.7 2 1
 20100421 1200 1008.9 2 1
 20100422 1200 1009.7 2 1
 20100423 1200 1010.6 2 1
 20100424 1200 1011.8 2 1
 20100425 1200 1012.2 2 1
 20100426 1200 1012.1 2 1
 20100427 1200 1012.2 2 1
 20100428 1200 1013.2 2 1
 20100429 1200 1013.4 2 1
 20100430 1200 1013.0 2 1
 20100501 1200 1012.1 2 1
 20100502 1200 1011.1 2 1
 20100503 1200 1012.2 2 1
 20100504 1200 1011.4 2 1
 20100505 1200 1010.1 2 1
 20100506 1200 1009.0 2 1
 20100507 1200 1008.6 2 1
 20100508 1200 1008.0 2 1
 20100509 1200 1009.1 2 1
 20100510 1200 1009.5 2 1
 20100511 1200 1009.9 2 1
 20100512 1200 1009.0 2 1
 20100513 1200 1009.1 2 1
 20100514 1200 1010.6 2 1
 20100515 1200 1010.5 2 1
 20100516 1200 1010.6 2 1
 20100517 1200 1010.3 2 1
 20100518 1200 1012.0 2 1
 20100519 1200 1011.5 2 1
 20100520 1200 1010.8 2 1
 20100521 1200 1010.8 2 1
 20100522 1200 1011.0 2 1
 20100523 1200 1011.5 2 1
 20100524 1200 1011.8 2 1
 20100525 1200 1012.7 2 1
 20100526 1200 1012.9 2 1
 20100527 1200 1012.9 2 1
 20100528 1200 1013.9 2 1
 20100529 1200 1013.3 2 1
 20100530 1200 1013.5 2 1
 20100531 1200 1014.1 2 1
 20100601 1200 1015.2 2 1
 20100602 1200 1014.1 2 1
 20100603 1200 1013.1 2 1
 20100604 1200 1012.4 2 1
 20100605 1200 1012.7 2 1
 20100606 1200 1014.0 2 1
 20100607 1200 1013.9 2 1
 20100608 1200 1014.5 2 1
 20100609 1200 1015.0 2 1
 20100610 1200 1014.3 2 1
 20100611 1200 1013.6 2 1
 20100612 1200 1013.8 2 1
 20100613 1200 1014.5 2 1
 20100614 1200 1013.9 2 1
 20100615 1200 1013.0 2 1
 20100616 1200 1013.6 2 1
 20100617 1200 1013.0 2 1
 20100618 1200 1013.5 2 1
 20100619 1200 1014.1 2 1
 20100620 1200 1014.3 2 1
 20100621 1200 1013.8 2 1
 20100622 1200 1013.5 2 1
 20100623 1200 1012.8 2 1
 20100624 1200 1012.6 2 1
 20100625 1200 1012.6 2 1
 20100626 1200 1013.0 2 1
 20100627 1200 1013.3 2 1
 20100628 1200 1013.1 2 1
 20100629 1200 1013.4 2 1
 20100630 1200 1013.6 2 1
 20100701 1200 1013.8 2 1
 20100702 1200 1013.2 2 1
 20100703 1200 1013.2 2 1
 20100704 1200 1014.3 2 1
 20100705 1200 1015.8 2 1
 20100706 1200 1014.7 2 1
 20100707 1200 1013.3 2 1
 20100708 1200 1012.3 2 1
 20100709 1200 1013.1 2 1
 20100710 1200 1013.2 2 1
 20100711 1200 1014.0 2 1
 20100712 1200 1013.8 2 1
 20100713 1200 1013.7 2 1
 Time: 1200  3 Aug 2011 to 1200  1 May 2012 (index  3769 to  4041,  273 times)
 Depth (M):        -3 QUALITY and SOURCE
 YYYYMMDD HHMM    SLP Q S
 20110803 1200 1010.4 2 1
 20110804 1200 1011.4 2 1
 20110805 1200 1012.3 2 1
 20110806 1200 1012.4 2 1
 20110807 1200 1013.1 2 1
 20110808 1200 1012.6 2 1
 20110809 1200 1012.6 2 1
 20110810 1200 1013.2 2 1
 20110811 1200 1013.4 2 1
 20110812 1200 1013.3 2 1
 20110813 1200 1012.9 2 1
 20110814 1200 1012.5 2 1
 20110815 1200 1011.6 2 1
 20110816 1200 1011.8 2 1
 20110817 1200 1012.9 2 1
 20110818 1200 1013.3 2 1
 20110819 1200 1012.8 2 1
 20110820 1200 1012.5 2 1
 20110821 1200 1012.8 2 1
 20110822 1200 1013.5 2 1
 20110823 1200 1013.7 2 1
 20110824 1200 1014.5 2 1
 20110825 1200 1014.4 2 1
 20110826 1200 1014.1 2 1
 20110827 1200 1013.8 2 1
 20110828 1200 1013.7 2 1
 20110829 1200 1013.0 2 1
 20110830 1200 1013.2 2 1
 20110831 1200 1012.6 2 1
 20110901 1200 1013.9 2 1
 20110902 1200 1014.8 2 1
 20110903 1200 1014.3 2 1
 20110904 1200 1013.9 2 1
 20110905 1200 1013.3 2 1
 20110906 1200 1013.3 2 1
 20110907 1200 1013.7 2 1
 20110908 1200 1014.6 2 1
 20110909 1200 1014.9 2 1
 20110910 1200 1014.0 2 1
 20110911 1200 1013.9 2 1
 20110912 1200 1014.0 2 1
 20110913 1200 1014.0 2 1
 20110914 1200 1013.5 2 1
 20110915 1200 1013.4 2 1
 20110916 1200 1013.8 2 1
 20110917 1200 1014.3 2 1
 20110918 1200 1014.5 2 1
 20110919 1200 1013.8 2 1
 20110920 1200 1012.8 2 1
 20110921 1200 1011.7 2 1
 20110922 1200 1013.2 2 1
 20110923 1200 1014.3 2 1
 20110924 1200 1014.2 2 1
 20110925 1200 1013.3 2 1
 20110926 1200 1012.8 2 1
 20110927 1200 1012.7 2 1
 20110928 1200 1013.3 2 1
 20110929 1200 1012.9 2 1
 20110930 1200 1013.0 2 1
 20111001 1200 1013.4 2 1
 20111002 1200 1013.7 2 1
 20111003 1200 1013.7 2 1
 20111004 1200 1013.5 2 1
 20111005 1200 1013.1 2 1
 20111006 1200 1011.9 2 1
 20111007 1200 1013.3 2 1
 20111008 1200 1014.1 2 1
 20111009 1200 1014.3 2 1
 20111010 1200 1014.3 2 1
 20111011 1200 1014.3 2 1
 20111012 1200 1014.1 2 1
 20111013 1200 1014.8 2 1
 20111014 1200 1014.3 2 1
 20111015 1200 1014.6 2 1
 20111016 1200 1014.9 2 1
 20111017 1200 1015.1 2 1
 20111018 1200 1014.6 2 1
 20111019 1200 1014.8 2 1
 20111020 1200 1015.3 2 1
 20111021 1200 1015.6 2 1
 20111022 1200 1014.1 2 1
 20111023 1200 1012.2 2 1
 20111024 1200 1012.5 2 1
 20111025 1200 1013.0 2 1
 20111026 1200 1011.9 2 1
 20111027 1200 1011.7 2 1
 20111028 1200 1012.1 2 1
 20111029 1200 1013.2 2 1
 20111030 1200 1012.8 2 1
 20111031 1200 1011.7 2 1
 20111101 1200 1011.2 2 1
 20111102 1200 1011.5 2 1
 20111103 1200 1012.4 2 1
 20111104 1200 1012.2 2 1
 20111105 1200 1012.0 2 1
 20111106 1200 1012.1 2 1
 20111107 1200 1012.5 2 1
 20111108 1200 1012.8 2 1
 20111109 1200 1013.2 2 1
 20111110 1200 1013.2 2 1
 20111111 1200 1013.3 2 1
 20111112 1200 1013.4 2 1
 20111113 1200 1013.5 2 1
 20111114 1200 1012.5 2 1
 20111115 1200 1012.6 2 1
 20111116 1200 1013.0 2 1
 20111117 1200 1013.7 2 1
 20111118 1200 1013.8 2 1
 20111119 1200 1012.5 2 1
 20111120 1200 1013.0 2 1
 20111121 1200 1013.6 2 1
 20111122 1200 1013.5 2 1
 20111123 1200 1013.9 2 1
 20111124 1200 1014.1 2 1
 20111125 1200 1014.2 2 1
 20111126 1200 1013.1 2 1
 20111127 1200 1012.7 2 1
 20111128 1200 1012.4 2 1
 20111129 1200 1012.3 2 1
 20111130 1200 1012.1 2 1
 20111201 1200 1012.8 2 1
 20111202 1200 1012.8 2 1
 20111203 1200 1012.4 2 1
 20111204 1200 1012.6 2 1
 20111205 1200 1011.6 2 1
 20111206 1200 1011.6 2 1
 20111207 1200 1011.6 2 1
 20111208 1200 1011.1 2 1
 20111209 1200 1011.5 2 1
 20111210 1200 1012.1 2 1
 20111211 1200 1012.6 2 1
 20111212 1200 1012.2 2 1
 20111213 1200 1012.8 2 1
 20111214 1200 1012.8 2 1
 20111215 1200 1013.0 2 1
 20111216 1200 1012.8 2 1
 20111217 1200 1013.0 2 1
 20111218 1200 1013.1 2 1
 20111219 1200 1012.0 2 1
 20111220 1200 1010.2 2 1
 20111221 1200 1009.8 2 1
 20111222 1200 1010.4 2 1
 20111223 1200 1011.3 2 1
 20111224 1200 1011.8 2 1
 20111225 1200 1011.6 2 1
 20111226 1200 1011.6 2 1
 20111227 1200 1012.6 2 1
 20111228 1200 1013.1 2 1
 20111229 1200 1012.5 2 1
 20111230 1200 1011.8 2 1
 20111231 1200 1011.0 2 1
 20120101 1200 1012.2 2 1
 20120102 1200 1014.3 2 1
 20120103 1200 1014.1 2 1
 20120104 1200 1014.4 2 1
 20120105 1200 1014.0 2 1
 20120106 1200 1013.0 2 1
 20120107 1200 1013.1 2 1
 20120108 1200 1012.3 2 1
 20120109 1200 1012.4 2 1
 20120110 1200 1011.9 2 1
 20120111 1200 1011.0 2 1
 20120112 1200 1010.9 2 1
 20120113 1200 1011.7 2 1
 20120114 1200 1013.0 2 1
 20120115 1200 1013.0 2 1
 20120116 1200 1012.9 2 1
 20120117 1200 1012.7 2 1
 20120118 1200 1011.8 2 1
 20120119 1200 1011.1 2 1
 20120120 1200 1010.9 2 1
 20120121 1200 1011.4 2 1
 20120122 1200 1011.3 2 1
 20120123 1200 1011.4 2 1
 20120124 1200 1012.0 2 1
 20120125 1200 1011.3 2 1
 20120126 1200 1010.4 2 1
 20120127 1200 1010.3 2 1
 20120128 1200 1011.6 2 1
 20120129 1200 1012.1 2 1
 20120130 1200 1011.6 2 1
 20120131 1200 1010.8 2 1
 20120201 1200 1010.6 2 1
 20120202 1200 1009.8 2 1
 20120203 1200 1009.1 2 1
 20120204 1200 1009.5 2 1
 20120205 1200 1010.2 2 1
 20120206 1200 1010.3 2 1
 20120207 1200 1011.1 2 1
 20120208 1200 1011.6 2 1
 20120209 1200 1011.9 2 1
 20120210 1200   -9.9 0 0
 20120211 1200   -9.9 0 0
 20120212 1200 1012.4 2 1
 20120213 1200 1012.4 2 1
 20120214 1200 1011.8 2 1
 20120215 1200 1012.0 2 1
 20120216 1200 1012.5 2 1
 20120217 1200 1011.6 2 1
 20120218 1200 1010.8 2 1
 20120219 1200 1010.0 2 1
 20120220 1200 1010.1 2 1
 20120221 1200 1010.8 2 1
 20120222 1200 1010.8 2 1
 20120223 1200 1009.7 2 1
 20120224 1200 1010.1 2 1
 20120225 1200 1010.7 2 1
 20120226 1200 1010.3 2 1
 20120227 1200 1009.6 2 1
 20120228 1200 1009.5 2 1
 20120229 1200 1009.2 2 1
 20120301 1200 1009.0 2 1
 20120302 1200 1008.3 2 1
 20120303 1200 1008.3 2 1
 20120304 1200 1008.8 2 1
 20120305 1200 1008.7 2 1
 20120306 1200 1007.8 2 1
 20120307 1200 1006.2 2 1
 20120308 1200 1006.0 2 1
 20120309 1200 1007.6 2 1
 20120310 1200 1008.1 2 1
 20120311 1200 1008.4 2 1
 20120312 1200 1008.1 2 1
 20120313 1200 1008.0 2 1
 20120314 1200 1008.5 2 1
 20120315 1200 1009.6 2 1
 20120316 1200 1011.2 2 1
 20120317 1200 1011.5 2 1
 20120318 1200 1011.8 2 1
 20120319 1200 1010.8 2 1
 20120320 1200 1009.9 2 1
 20120321 1200 1009.2 2 1
 20120322 1200 1009.1 2 1
 20120323 1200 1010.2 2 1
 20120324 1200 1010.9 2 1
 20120325 1200 1011.1 2 1
 20120326 1200 1010.8 2 1
 20120327 1200 1010.3 2 1
 20120328 1200 1009.2 2 1
 20120329 1200 1008.0 2 1
 20120330 1200 1009.9 2 1
 20120331 1200 1010.8 2 1
 20120401 1200 1010.7 2 1
 20120402 1200 1010.5 2 1
 20120403 1200 1010.9 2 1
 20120404 1200 1011.0 2 1
 20120405 1200 1010.4 2 1
 20120406 1200 1010.3 2 1
 20120407 1200 1010.5 2 1
 20120408 1200 1010.9 2 1
 20120409 1200 1010.9 2 1
 20120410 1200 1011.1 2 1
 20120411 1200 1012.1 2 1
 20120412 1200 1012.1 2 1
 20120413 1200 1011.5 2 1
 20120414 1200 1010.7 2 1
 20120415 1200 1010.8 2 1
 20120416 1200 1010.5 2 1
 20120417 1200 1010.5 2 1
 20120418 1200 1010.8 2 1
 20120419 1200 1010.7 2 1
 20120420 1200 1010.4 2 1
 20120421 1200 1009.6 2 1
 20120422 1200 1009.9 2 1
 20120423 1200 1010.1 2 1
 20120424 1200 1009.6 2 1
 20120425 1200 1010.0 2 1
 20120426 1200 1011.7 2 1
 20120427 1200 1011.5 2 1
 20120428 1200 1010.7 2 1
 20120429 1200 1010.5 2 1
 20120430 1200 1010.5 2 1
 20120501 1200 1009.9 2 1
 Time: 1200 30 Mar 2013 to 1200  2 Mar 2014 (index  4374 to  4711,  338 times)
 Depth (M):        -3 QUALITY and SOURCE
 YYYYMMDD HHMM    SLP Q S
 20130330 1200 1009.3 2 1
 20130331 1200 1010.2 2 1
 20130401 1200 1010.5 2 1
 20130402 1200 1011.0 2 1
 20130403 1200 1011.2 2 1
 20130404 1200 1011.4 2 1
 20130405 1200 1010.9 2 1
 20130406 1200 1010.7 2 1
 20130407 1200 1010.3 2 1
 20130408 1200 1009.9 2 1
 20130409 1200 1009.4 2 1
 20130410 1200 1009.9 2 1
 20130411 1200 1009.4 2 1
 20130412 1200 1009.1 2 1
 20130413 1200 1008.8 2 1
 20130414 1200 1009.2 2 1
 20130415 1200 1009.5 2 1
 20130416 1200 1009.9 2 1
 20130417 1200 1011.6 2 1
 20130418 1200 1011.7 2 1
 20130419 1200 1011.2 2 1
 20130420 1200 1011.2 2 1
 20130421 1200 1011.9 2 1
 20130422 1200 1011.8 2 1
 20130423 1200 1010.7 2 1
 20130424 1200 1010.6 2 1
 20130425 1200 1011.2 2 1
 20130426 1200 1012.6 2 1
 20130427 1200 1012.6 2 1
 20130428 1200 1011.1 2 1
 20130429 1200 1010.4 2 1
 20130430 1200 1010.8 2 1
 20130501 1200 1011.1 2 1
 20130502 1200 1012.1 2 1
 20130503 1200 1012.0 2 1
 20130504 1200 1012.4 2 1
 20130505 1200 1012.4 2 1
 20130506 1200 1013.4 2 1
 20130507 1200 1013.8 2 1
 20130508 1200 1014.0 2 1
 20130509 1200 1014.0 2 1
 20130510 1200 1013.4 2 1
 20130511 1200 1013.1 2 1
 20130512 1200 1011.3 2 1
 20130513 1200 1011.8 2 1
 20130514 1200 1011.9 2 1
 20130515 1200 1012.3 2 1
 20130516 1200 1011.9 2 1
 20130517 1200 1011.8 2 1
 20130518 1200 1012.1 2 1
 20130519 1200 1011.7 2 1
 20130520 1200 1012.1 2 1
 20130521 1200 1012.5 2 1
 20130522 1200 1012.2 2 1
 20130523 1200 1011.8 2 1
 20130524 1200 1012.0 2 1
 20130525 1200 1012.4 2 1
 20130526 1200 1013.3 2 1
 20130527 1200 1013.1 2 1
 20130528 1200 1013.1 2 1
 20130529 1200 1013.8 2 1
 20130530 1200 1012.7 2 1
 20130531 1200 1012.3 2 1
 20130601 1200 1012.2 2 1
 20130602 1200 1012.0 2 1
 20130603 1200 1011.7 2 1
 20130604 1200 1013.2 2 1
 20130605 1200 1012.3 2 1
 20130606 1200 1010.9 2 1
 20130607 1200 1011.2 2 1
 20130608 1200 1011.1 2 1
 20130609 1200 1012.1 2 1
 20130610 1200 1012.1 2 1
 20130611 1200 1011.9 2 1
 20130612 1200 1012.4 2 1
 20130613 1200 1012.3 2 1
 20130614 1200 1011.7 2 1
 20130615 1200 1011.0 2 1
 20130616 1200 1010.9 2 1
 20130617 1200 1011.5 2 1
 20130618 1200 1012.0 2 1
 20130619 1200 1010.4 2 1
 20130620 1200 1010.8 2 1
 20130621 1200 1012.3 2 1
 20130622 1200 1012.5 2 1
 20130623 1200 1012.2 2 1
 20130624 1200 1012.8 2 1
 20130625 1200 1013.1 2 1
 20130626 1200 1013.3 2 1
 20130627 1200 1013.8 2 1
 20130628 1200 1014.2 2 1
 20130629 1200 1013.4 2 1
 20130630 1200 1012.7 2 1
 20130701 1200 1013.0 2 1
 20130702 1200 1014.2 2 1
 20130703 1200 1014.8 2 1
 20130704 1200 1013.9 2 1
 20130705 1200 1012.7 2 1
 20130706 1200 1011.6 2 1
 20130707 1200 1010.6 2 1
 20130708 1200 1011.9 2 1
 20130709 1200 1013.0 2 1
 20130710 1200 1013.9 2 1
 20130711 1200 1013.3 2 1
 20130712 1200 1012.8 2 1
 20130713 1200 1012.3 2 1
 20130714 1200 1011.6 2 1
 20130715 1200 1011.2 2 1
 20130716 1200 1011.0 2 1
 20130717 1200 1012.5 2 1
 20130718 1200 1012.8 2 1
 20130719 1200 1013.0 2 1
 20130720 1200 1012.7 2 1
 20130721 1200 1012.2 2 1
 20130722 1200 1011.9 2 1
 20130723 1200 1011.8 2 1
 20130724 1200 1010.9 2 1
 20130725 1200 1010.9 2 1
 20130726 1200 1012.7 2 1
 20130727 1200 1013.3 2 1
 20130728 1200 1013.0 2 1
 20130729 1200 1013.5 2 1
 20130730 1200 1014.8 2 1
 20130731 1200 1014.8 2 1
 20130801 1200 1013.3 2 1
 20130802 1200 1012.4 2 1
 20130803 1200 1012.8 2 1
 20130804 1200 1012.7 2 1
 20130805 1200 1013.0 2 1
 20130806 1200 1012.9 2 1
 20130807 1200 1013.3 2 1
 20130808 1200 1013.5 2 1
 20130809 1200 1012.6 2 1
 20130810 1200 1013.8 2 1
 20130811 1200 1013.5 2 1
 20130812 1200 1012.2 2 1
 20130813 1200 1012.0 2 1
 20130814 1200 1011.1 2 1
 20130815 1200 1012.6 2 1
 20130816 1200 1013.3 2 1
 20130817 1200 1013.1 2 1
 20130818 1200 1013.1 2 1
 20130819 1200 1012.1 2 1
 20130820 1200 1012.1 2 1
 20130821 1200 1013.4 2 1
 20130822 1200 1012.7 2 1
 20130823 1200 1011.5 2 1
 20130824 1200 1012.3 2 1
 20130825 1200 1014.0 2 1
 20130826 1200 1014.4 2 1
 20130827 1200 1013.3 2 1
 20130828 1200 1012.9 2 1
 20130829 1200 1013.4 2 1
 20130830 1200 1013.9 2 1
 20130831 1200 1014.0 2 1
 20130901 1200 1012.9 2 1
 20130902 1200 1013.6 2 1
 20130903 1200 1013.6 2 1
 20130904 1200 1013.8 2 1
 20130905 1200 1014.7 2 1
 20130906 1200 1014.5 2 1
 20130907 1200 1014.0 2 1
 20130908 1200 1014.1 2 1
 20130909 1200 1014.4 2 1
 20130910 1200 1015.0 2 1
 20130911 1200 1014.2 2 1
 20130912 1200 1012.5 2 1
 20130913 1200 1011.4 2 1
 20130914 1200 1010.7 2 1
 20130915 1200 1011.1 2 1
 20130916 1200 1012.7 2 1
 20130917 1200 1013.0 2 1
 20130918 1200 1012.6 2 1
 20130919 1200 1012.8 2 1
 20130920 1200 1012.9 2 1
 20130921 1200 1012.8 2 1
 20130922 1200 1011.4 2 1
 20130923 1200 1010.9 2 1
 20130924 1200 1011.5 2 1
 20130925 1200 1012.1 2 1
 20130926 1200 1012.0 2 1
 20130927 1200 1013.6 2 1
 20130928 1200 1014.8 2 1
 20130929 1200 1014.6 2 1
 20130930 1200 1013.5 2 1
 20131001 1200 1012.6 2 1
 20131002 1200 1012.9 2 1
 20131003 1200 1012.4 2 1
 20131004 1200 1011.9 2 1
 20131005 1200 1011.7 2 1
 20131006 1200 1012.4 2 1
 20131007 1200 1012.8 2 1
 20131008 1200 1012.5 2 1
 20131009 1200 1012.2 2 1
 20131010 1200 1012.8 2 1
 20131011 1200 1012.4 2 1
 20131012 1200 1012.1 2 1
 20131013 1200 1012.4 2 1
 20131014 1200 1012.8 2 1
 20131015 1200 1012.6 2 1
 20131016 1200 1012.8 2 1
 20131017 1200 1012.9 2 1
 20131018 1200 1012.8 2 1
 20131019 1200 1013.5 2 1
 20131020 1200 1013.2 2 1
 20131021 1200 1012.8 2 1
 20131022 1200 1012.4 2 1
 20131023 1200 1012.1 2 1
 20131024 1200 1012.2 2 1
 20131025 1200 1012.9 2 1
 20131026 1200 1013.0 2 1
 20131027 1200 1012.4 2 1
 20131028 1200 1012.2 2 1
 20131029 1200 1013.9 2 1
 20131030 1200 1014.3 2 1
 20131031 1200 1013.8 2 1
 20131101 1200 1013.9 2 1
 20131102 1200 1013.5 2 1
 20131103 1200 1013.7 2 1
 20131104 1200 1012.3 2 1
 20131105 1200 1011.9 2 1
 20131106 1200 1012.1 2 1
 20131107 1200 1013.3 2 1
 20131108 1200 1013.1 2 1
 20131109 1200 1011.9 2 1
 20131110 1200 1011.4 2 1
 20131111 1200 1010.9 2 1
 20131112 1200 1011.0 2 1
 20131113 1200 1011.1 2 1
 20131114 1200 1010.9 2 1
 20131115 1200 1010.6 2 1
 20131116 1200 1011.3 2 1
 20131117 1200 1012.1 2 1
 20131118 1200 1013.0 2 1
 20131119 1200 1013.0 2 1
 20131120 1200 1011.9 2 1
 20131121 1200 1011.7 2 1
 20131122 1200 1011.2 2 1
 20131123 1200 1011.7 2 1
 20131124 1200 1012.5 2 1
 20131125 1200 1012.7 2 1
 20131126 1200 1011.9 2 1
 20131127 1200 1011.2 2 1
 20131128 1200 1010.7 2 1
 20131129 1200 1011.3 2 1
 20131130 1200 1012.2 2 1
 20131201 1200 1013.0 2 1
 20131202 1200 1012.7 2 1
 20131203 1200 1011.7 2 1
 20131204 1200 1012.3 2 1
 20131205 1200 1012.7 2 1
 20131206 1200 1013.0 2 1
 20131207 1200 1013.3 2 1
 20131208 1200 1012.9 2 1
 20131209 1200 1012.6 2 1
 20131210 1200 1011.1 2 1
 20131211 1200 1011.4 2 1
 20131212 1200 1012.0 2 1
 20131213 1200 1011.7 2 1
 20131214 1200 1010.8 2 1
 20131215 1200 1010.4 2 1
 20131216 1200 1011.1 2 1
 20131217 1200 1011.7 2 1
 20131218 1200 1011.8 2 1
 20131219 1200 1011.7 2 1
 20131220 1200 1010.9 2 1
 20131221 1200 1011.3 2 1
 20131222 1200 1010.9 2 1
 20131223 1200 1011.5 2 1
 20131224 1200 1012.0 2 1
 20131225 1200 1011.1 2 1
 20131226 1200 1010.6 2 1
 20131227 1200 1010.2 2 1
 20131228 1200 1010.5 2 1
 20131229 1200 1011.1 2 1
 20131230 1200 1012.0 2 1
 20131231 1200 1012.4 2 1
 20140101 1200 1011.3 2 1
 20140102 1200 1009.9 2 1
 20140103 1200 1008.6 2 1
 20140104 1200 1009.9 2 1
 20140105 1200 1011.8 2 1
 20140106 1200 1012.1 2 1
 20140107 1200 1011.9 2 1
 20140108 1200 1011.5 2 1
 20140109 1200 1011.2 2 1
 20140110 1200 1010.7 2 1
 20140111 1200 1010.7 2 1
 20140112 1200 1011.1 2 1
 20140113 1200 1011.2 2 1
 20140114 1200 1011.1 2 1
 20140115 1200 1011.0 2 1
 20140116 1200 1010.7 2 1
 20140117 1200 1010.8 2 1
 20140118 1200 1011.0 2 1
 20140119 1200 1011.4 2 1
 20140120 1200 1011.2 2 1
 20140121 1200 1011.8 2 1
 20140122 1200 1011.2 2 1
 20140123 1200 1011.1 2 1
 20140124 1200 1011.3 2 1
 20140125 1200 1012.2 2 1
 20140126 1200 1010.6 2 1
 20140127 1200 1009.9 2 1
 20140128 1200 1010.7 2 1
 20140129 1200 1011.1 2 1
 20140130 1200 1010.6 2 1
 20140131 1200 1010.4 2 1
 20140201 1200 1010.5 2 1
 20140202 1200 1011.0 2 1
 20140203 1200 1010.7 2 1
 20140204 1200 1011.1 2 1
 20140205 1200 1010.8 2 1
 20140206 1200 1010.4 2 1
 20140207 1200 1009.4 2 1
 20140208 1200 1009.3 2 1
 20140209 1200 1009.9 2 1
 20140210 1200 1009.5 2 1
 20140211 1200 1009.6 2 1
 20140212 1200 1010.4 2 1
 20140213 1200 1010.6 2 1
 20140214 1200 1011.1 2 1
 20140215 1200 1011.3 2 1
 20140216 1200 1011.5 2 1
 20140217 1200 1011.1 2 1
 20140218 1200 1010.5 2 1
 20140219 1200 1010.1 2 1
 20140220 1200 1010.2 2 1
 20140221 1200 1009.5 2 1
 20140222 1200 1009.7 2 1
 20140223 1200 1010.1 2 1
 20140224 1200 1009.9 2 1
 20140225 1200 1010.2 2 1
 20140226 1200 1010.8 2 1
 20140227 1200 1011.6 2 1
 20140228 1200 1011.7 2 1
 20140301 1200 1011.9 2 1
 20140302 1200 1012.5 2 1
