 Location:  8N 170W  16 Sep 1992 to 16 Apr 2012 (  236 times,  1 blocks) Gen. Date Feb 16 2014
 Units: Air Temperature (C), -9.99 = missing
 Time: 1200 16 Sep 1992 to 1200 16 Apr 2012 (index     1 to   236,  236 times)
 Depth (M):       -3 QUALITY
 YYYYMMDD HHMM  AIRT Q
 19920916 1200 27.94 1
 19921016 1200 27.88 1
 19921116 1200 27.85 1
 19921216 1200 27.95 1
 19930116 1200 27.33 1
 19930215 1200 27.37 1
 19930316 1200 27.22 1
 19930416 1200 27.29 1
 19930516 1200 27.49 1
 19930616 1200 27.83 1
 19930716 1200 27.85 1
 19930816 1200 27.80 1
 19930916 1200 28.29 1
 19931016 1200 28.25 1
 19931116 1200 27.95 4
 19931216 1200 27.16 4
 19940116 1200 26.77 4
 19940215 1200 26.79 4
 19940316 1200 26.99 4
 19940416 1200 27.12 4
 19940516 1200 27.06 4
 19940616 1200 27.38 4
 19940716 1200 27.79 1
 19940816 1200 28.07 1
 19940916 1200 28.09 1
 19941016 1200 28.04 1
 19941116 1200 28.31 4
 19941216 1200 27.48 4
 19950116 1200 26.97 4
 19950215 1200 26.92 4
 19950316 1200 27.60 4
 19950416 1200 27.57 4
 19950516 1200 27.95 4
 19950616 1200 27.83 4
 19950716 1200 27.61 4
 19950816 1200 27.78 4
 19950916 1200 27.92 4
 19951016 1200 27.86 4
 19951116 1200 27.96 4
 19951216 1200 27.75 1
 19960116 1200 26.99 1
 19960215 1200 27.23 1
 19960316 1200 27.43 1
 19960416 1200 27.51 1
 19960516 1200 27.42 1
 19960616 1200 27.01 1
 19960716 1200 27.40 1
 19960816 1200 27.21 1
 19960916 1200 27.70 1
 19961016 1200 27.68 1
 19961116 1200 27.56 1
 19961216 1200 27.47 1
 19970116 1200 27.82 1
 19970215 1200 27.68 1
 19970316 1200 27.36 1
 19970416 1200 27.46 1
 19970516 1200 27.94 1
 19970616 1200 27.83 1
 19970716 1200 27.99 1
 19970816 1200 27.53 1
 19970916 1200 27.90 1
 19971016 1200 28.28 1
 19971116 1200 27.81 1
 19971216 1200 26.53 1
 19980116 1200 26.35 1
 19980215 1200 26.58 1
 19980316 1200 26.99 1
 19980416 1200 27.18 1
 19980516 1200 27.74 1
 19980616 1200 27.73 1
 19980716 1200 27.63 1
 19980816 1200 27.45 1
 19980916 1200 27.66 1
 19981016 1200 27.62 1
 19981116 1200 27.06 1
 19981216 1200 26.76 2
 19990116 1200 26.47 2
 19990215 1200 26.71 2
 19990316 1200 26.72 2
 19990416 1200 26.79 2
 19990516 1200 26.93 2
 19990616 1200 27.00 2
 19990716 1200 -9.99 0
 19990816 1200 -9.99 0
 19990916 1200 27.16 2
 19991016 1200 26.97 2
 19991116 1200 27.03 2
 19991216 1200 26.55 2
 20000116 1200 26.46 2
 20000215 1200 26.75 2
 20000316 1200 26.52 2
 20000416 1200 26.68 2
 20000516 1200 26.60 2
 20000616 1200 26.82 2
 20000716 1200 26.80 2
 20000816 1200 27.01 2
 20000916 1200 26.83 2
 20001016 1200 27.30 2
 20001116 1200 27.66 2
 20001216 1200 27.95 2
 20010116 1200 27.55 2
 20010215 1200 27.00 2
 20010316 1200 27.46 2
 20010416 1200 27.61 2
 20010516 1200 27.55 2
 20010616 1200 27.68 2
 20010716 1200 27.74 2
 20010816 1200 27.95 2
 20010916 1200 28.06 2
 20011016 1200 28.34 2
 20011116 1200 28.06 1
 20011216 1200 28.08 1
 20020116 1200 27.62 1
 20020215 1200 27.55 1
 20020316 1200 27.60 1
 20020416 1200 27.76 1
 20020516 1200 28.13 1
 20020616 1200 28.34 1
 20020716 1200 27.96 1
 20020816 1200 28.32 1
 20020916 1200 28.49 1
 20021016 1200 28.20 1
 20021116 1200 27.67 1
 20021216 1200 27.40 1
 20030116 1200 27.04 1
 20030215 1200 26.96 1
 20030316 1200 27.07 1
 20030416 1200 26.98 1
 20030516 1200 27.12 1
 20030616 1200 27.34 1
 20030716 1200 27.36 1
 20030816 1200 27.22 1
 20030916 1200 27.51 1
 20031016 1200 27.62 1
 20031116 1200 27.88 1
 20031216 1200 27.76 1
 20040116 1200 27.91 1
 20040215 1200 27.78 1
 20040316 1200 27.59 1
 20040416 1200 27.05 1
 20040516 1200 27.56 1
 20040616 1200 27.71 1
 20040716 1200 27.75 1
 20040816 1200 27.73 1
 20040916 1200 28.17 1
 20041016 1200 27.84 1
 20041116 1200 27.87 2
 20041216 1200 27.53 2
 20050116 1200 27.27 2
 20050215 1200 27.04 2
 20050316 1200 27.03 2
 20050416 1200 27.16 2
 20050516 1200 27.66 2
 20050616 1200 -9.99 0
 20050716 1200 27.82 1
 20050816 1200 27.54 1
 20050916 1200 28.22 1
 20051016 1200 27.79 1
 20051116 1200 27.80 1
 20051216 1200 27.59 1
 20060116 1200 27.02 1
 20060215 1200 26.59 1
 20060316 1200 26.74 1
 20060416 1200 27.22 1
 20060516 1200 27.26 1
 20060616 1200 27.41 1
 20060716 1200 27.56 1
 20060816 1200 27.69 1
 20060916 1200 28.21 1
 20061016 1200 28.47 1
 20061116 1200 28.12 1
 20061216 1200 27.76 1
 20070116 1200 27.50 1
 20070215 1200 27.33 1
 20070316 1200 27.70 1
 20070416 1200 27.45 1
 20070516 1200 27.40 1
 20070616 1200 27.37 1
 20070716 1200 27.30 1
 20070816 1200 27.67 1
 20070916 1200 27.59 1
 20071016 1200 27.47 1
 20071116 1200 27.43 1
 20071216 1200 27.09 1
 20080116 1200 26.73 1
 20080215 1200 26.59 1
 20080316 1200 26.45 1
 20080416 1200 -9.99 0
 20080516 1200 -9.99 0
 20080616 1200 -9.99 0
 20080716 1200 -9.99 0
 20080816 1200 -9.99 0
 20080916 1200 27.39 2
 20081016 1200 27.37 2
 20081116 1200 27.36 2
 20081216 1200 27.53 2
 20090116 1200 27.20 2
 20090215 1200 27.10 2
 20090316 1200 26.58 2
 20090416 1200 27.16 2
 20090516 1200 27.44 2
 20090616 1200 27.80 2
 20090716 1200 28.10 2
 20090816 1200 28.05 2
 20090916 1200 28.14 2
 20091016 1200 28.57 2
 20091116 1200 28.57 2
 20091216 1200 27.65 2
 20100116 1200 27.69 2
 20100215 1200 27.25 2
 20100316 1200 27.02 1
 20100416 1200 27.23 1
 20100516 1200 27.59 1
 20100616 1200 27.26 1
 20100716 1200 27.14 1
 20100816 1200 27.00 1
 20100916 1200 27.03 1
 20101016 1200 26.81 1
 20101116 1200 26.91 1
 20101216 1200 26.72 1
 20110116 1200 26.68 1
 20110215 1200 26.88 2
 20110316 1200 26.75 2
 20110416 1200 27.24 2
 20110516 1200 27.31 2
 20110616 1200 27.37 2
 20110716 1200 27.16 2
 20110816 1200 26.96 2
 20110916 1200 27.04 2
 20111016 1200 27.09 2
 20111116 1200 27.05 2
 20111216 1200 27.05 2
 20120116 1200 27.15 2
 20120215 1200 26.74 2
 20120316 1200 27.09 2
 20120416 1200 27.06 2
