 Location:  8N 125W  16 Oct 1992 to 15 Feb 2014 (  257 times,  4 blocks) Gen. Date Feb 16 2014
 Units: Air Temperature (C), -9.99 = missing
 Time: 1200 16 Oct 1992 to 1200 16 Oct 1992 (index     1 to     1,    1 times)
 Depth (M):       -3 QUALITY
 YYYYMMDD HHMM  AIRT Q
 19921016 1200 26.20 2
 Time: 1200 16 May 1993 to 1200 16 Nov 2003 (index     8 to   134,  127 times)
 Depth (M):       -3 QUALITY
 YYYYMMDD HHMM  AIRT Q
 19930516 1200 27.40 4
 19930616 1200 26.95 4
 19930716 1200 27.24 4
 19930816 1200 26.68 4
 19930916 1200 26.77 4
 19931016 1200 26.89 4
 19931116 1200 26.62 4
 19931216 1200 26.37 4
 19940116 1200 26.59 4
 19940215 1200 26.90 4
 19940316 1200 27.19 4
 19940416 1200 27.62 4
 19940516 1200 27.36 4
 19940616 1200 27.02 4
 19940716 1200 26.98 4
 19940816 1200 26.59 4
 19940916 1200 26.87 4
 19941016 1200 27.00 4
 19941116 1200 26.91 4
 19941216 1200 26.92 4
 19950116 1200 27.02 4
 19950215 1200 27.14 4
 19950316 1200 27.18 1
 19950416 1200 27.33 1
 19950516 1200 27.10 1
 19950616 1200 26.61 1
 19950716 1200 27.17 1
 19950816 1200 26.92 1
 19950916 1200 26.65 1
 19951016 1200 26.02 1
 19951116 1200 26.19 1
 19951216 1200 26.12 1
 19960116 1200 25.93 1
 19960215 1200 26.56 1
 19960316 1200 26.85 1
 19960416 1200 27.18 1
 19960516 1200 26.90 1
 19960616 1200 27.14 1
 19960716 1200 27.06 4
 19960816 1200 27.06 4
 19960916 1200 26.64 4
 19961016 1200 26.57 1
 19961116 1200 25.77 1
 19961216 1200 25.59 1
 19970116 1200 25.60 1
 19970215 1200 25.63 1
 19970316 1200 26.41 1
 19970416 1200 26.48 1
 19970516 1200 27.47 1
 19970616 1200 26.90 1
 19970716 1200 27.73 1
 19970816 1200 27.38 1
 19970916 1200 27.20 1
 19971016 1200 27.86 1
 19971116 1200 27.60 1
 19971216 1200 27.06 1
 19980116 1200 26.98 1
 19980215 1200 26.51 1
 19980316 1200 26.40 1
 19980416 1200 26.52 1
 19980516 1200 27.79 2
 19980616 1200 -9.99 0
 19980716 1200 -9.99 0
 19980816 1200 -9.99 0
 19980916 1200 25.69 2
 19981016 1200 25.99 2
 19981116 1200 25.71 2
 19981216 1200 25.46 2
 19990116 1200 25.34 2
 19990215 1200 25.50 2
 19990316 1200 26.38 2
 19990416 1200 26.62 2
 19990516 1200 26.28 2
 19990616 1200 25.84 2
 19990716 1200 26.13 2
 19990816 1200 25.93 2
 19990916 1200 25.57 2
 19991016 1200 25.62 1
 19991116 1200 25.23 1
 19991216 1200 24.99 1
 20000116 1200 25.25 1
 20000215 1200 25.51 1
 20000316 1200 25.67 1
 20000416 1200 26.65 1
 20000516 1200 26.55 1
 20000616 1200 26.28 1
 20000716 1200 26.00 1
 20000816 1200 26.30 1
 20000916 1200 26.08 1
 20001016 1200 25.98 1
 20001116 1200 25.76 1
 20001216 1200 26.03 1
 20010116 1200 -9.99 0
 20010215 1200 26.51 2
 20010316 1200 26.27 2
 20010416 1200 26.62 2
 20010516 1200 26.82 2
 20010616 1200 26.90 2
 20010716 1200 26.27 2
 20010816 1200 26.41 2
 20010916 1200 26.57 1
 20011016 1200 26.34 1
 20011116 1200 26.18 1
 20011216 1200 26.18 1
 20020116 1200 26.03 1
 20020215 1200 26.28 1
 20020316 1200 27.10 1
 20020416 1200 27.54 1
 20020516 1200 27.17 1
 20020616 1200 26.99 1
 20020716 1200 27.33 1
 20020816 1200 27.06 1
 20020916 1200 26.93 1
 20021016 1200 27.02 1
 20021116 1200 26.99 1
 20021216 1200 26.84 1
 20030116 1200 27.10 1
 20030215 1200 27.23 2
 20030316 1200 26.93 2
 20030416 1200 27.08 2
 20030516 1200 26.71 2
 20030616 1200 26.74 2
 20030716 1200 26.76 2
 20030816 1200 26.79 2
 20030916 1200 26.53 2
 20031016 1200 26.37 2
 20031116 1200 26.50 2
 Time: 1200 16 Oct 2004 to 1200 15 Feb 2006 (index   145 to   161,   17 times)
 Depth (M):       -3 QUALITY
 YYYYMMDD HHMM  AIRT Q
 20041016 1200 26.60 1
 20041116 1200 26.43 1
 20041216 1200 26.19 1
 20050116 1200 26.62 1
 20050215 1200 26.45 1
 20050316 1200 26.42 1
 20050416 1200 26.00 1
 20050516 1200 25.98 1
 20050616 1200 25.67 1
 20050716 1200 25.55 1
 20050816 1200 25.57 1
 20050916 1200 26.57 2
 20051016 1200 26.62 2
 20051116 1200 26.15 2
 20051216 1200 25.83 2
 20060116 1200 25.73 2
 20060215 1200 25.88 2
 Time: 1200 16 Sep 2006 to 1200 15 Feb 2014 (index   168 to   257,   90 times)
 Depth (M):       -3 QUALITY
 YYYYMMDD HHMM  AIRT Q
 20060916 1200 26.38 1
 20061016 1200 26.78 1
 20061116 1200 26.10 1
 20061216 1200 26.87 1
 20070116 1200 26.32 1
 20070215 1200 26.36 1
 20070316 1200 26.39 1
 20070416 1200 26.67 1
 20070516 1200 26.60 1
 20070616 1200 26.81 1
 20070716 1200 26.66 1
 20070816 1200 26.24 1
 20070916 1200 25.88 1
 20071016 1200 25.49 1
 20071116 1200 25.40 1
 20071216 1200 25.21 1
 20080116 1200 -9.99 0
 20080215 1200 25.34 1
 20080316 1200 25.39 1
 20080416 1200 26.37 1
 20080516 1200 26.68 1
 20080616 1200 26.88 2
 20080716 1200 26.37 2
 20080816 1200 26.68 2
 20080916 1200 26.27 2
 20081016 1200 26.17 2
 20081116 1200 26.54 2
 20081216 1200 25.79 2
 20090116 1200 25.71 2
 20090215 1200 26.39 2
 20090316 1200 26.92 2
 20090416 1200 27.21 2
 20090516 1200 27.27 2
 20090616 1200 27.25 2
 20090716 1200 -9.99 0
 20090816 1200 -9.99 0
 20090916 1200 -9.99 0
 20091016 1200 27.11 1
 20091116 1200 27.04 1
 20091216 1200 26.86 1
 20100116 1200 27.19 1
 20100215 1200 26.55 1
 20100316 1200 26.64 1
 20100416 1200 27.09 1
 20100516 1200 27.15 1
 20100616 1200 26.27 1
 20100716 1200 26.57 1
 20100816 1200 26.13 1
 20100916 1200 25.93 1
 20101016 1200 25.43 1
 20101116 1200 25.57 1
 20101216 1200 25.00 1
 20110116 1200 24.83 1
 20110215 1200 25.05 1
 20110316 1200 25.73 1
 20110416 1200 26.38 1
 20110516 1200 26.69 2
 20110616 1200 26.37 2
 20110716 1200 26.30 2
 20110816 1200 26.28 2
 20110916 1200 26.17 2
 20111016 1200 25.68 2
 20111116 1200 25.64 2
 20111216 1200 -9.99 0
 20120116 1200 -9.99 0
 20120215 1200 -9.99 0
 20120316 1200 -9.99 0
 20120416 1200 26.52 2
 20120516 1200 26.47 2
 20120616 1200 26.62 2
 20120716 1200 26.68 2
 20120816 1200 26.88 2
 20120916 1200 26.89 2
 20121016 1200 26.45 2
 20121116 1200 26.34 2
 20121216 1200 26.14 2
 20130116 1200 25.83 2
 20130215 1200 25.91 2
 20130316 1200 26.79 2
 20130416 1200 27.06 2
 20130516 1200 26.63 2
 20130616 1200 26.53 2
 20130716 1200 26.70 2
 20130816 1200 26.83 2
 20130916 1200 26.63 2
 20131016 1200 26.39 2
 20131116 1200 26.19 2
 20131216 1200 26.33 2
 20140116 1200 26.42 2
 20140215 1200 25.83 2
