 Location:  8N 110W  16 Nov 1991 to 15 Feb 2014 (  268 times,  4 blocks) Gen. Date Feb 16 2014
 Units: Air Temperature (C), -9.99 = missing
 Time: 1200 16 Nov 1991 to 1200 16 Aug 1994 (index     1 to    34,   34 times)
 Depth (M):       -3 QUALITY
 YYYYMMDD HHMM  AIRT Q
 19911116 1200 26.61 1
 19911216 1200 26.87 1
 19920116 1200 26.76 1
 19920215 1200 27.33 1
 19920316 1200 27.74 1
 19920416 1200 28.28 1
 19920516 1200 28.17 1
 19920616 1200 27.68 1
 19920716 1200 26.92 1
 19920816 1200 26.69 1
 19920916 1200 26.17 1
 19921016 1200 25.21 1
 19921116 1200 25.32 2
 19921216 1200 -9.99 0
 19930116 1200 -9.99 0
 19930215 1200 -9.99 0
 19930316 1200 27.75 1
 19930416 1200 28.03 1
 19930516 1200 28.17 1
 19930616 1200 27.92 1
 19930716 1200 26.90 1
 19930816 1200 26.44 1
 19930916 1200 26.30 1
 19931016 1200 26.34 1
 19931116 1200 26.58 1
 19931216 1200 26.89 1
 19940116 1200 26.97 1
 19940215 1200 27.25 1
 19940316 1200 27.69 1
 19940416 1200 28.34 1
 19940516 1200 27.72 1
 19940616 1200 26.98 1
 19940716 1200 26.66 1
 19940816 1200 26.54 1
 Time: 1200 16 Mar 1995 to 1200 16 Aug 1997 (index    41 to    70,   30 times)
 Depth (M):       -3 QUALITY
 YYYYMMDD HHMM  AIRT Q
 19950316 1200 27.66 4
 19950416 1200 27.94 4
 19950516 1200 27.49 4
 19950616 1200 27.02 4
 19950716 1200 26.53 4
 19950816 1200 26.21 1
 19950916 1200 26.24 1
 19951016 1200 25.95 1
 19951116 1200 26.05 1
 19951216 1200 26.41 1
 19960116 1200 26.42 1
 19960215 1200 26.13 1
 19960316 1200 27.24 1
 19960416 1200 27.78 1
 19960516 1200 27.43 1
 19960616 1200 27.06 4
 19960716 1200 26.74 4
 19960816 1200 26.32 4
 19960916 1200 -9.99 0
 19961016 1200 25.45 4
 19961116 1200 25.28 4
 19961216 1200 24.91 4
 19970116 1200 25.66 4
 19970215 1200 26.04 4
 19970316 1200 27.36 4
 19970416 1200 28.00 4
 19970516 1200 28.24 4
 19970616 1200 27.48 4
 19970716 1200 27.58 4
 19970816 1200 27.48 4
 Time: 1200 16 Mar 1998 to 1200 16 Jan 2009 (index    77 to   207,  131 times)
 Depth (M):       -3 QUALITY
 YYYYMMDD HHMM  AIRT Q
 19980316 1200 28.21 4
 19980416 1200 28.68 4
 19980516 1200 28.93 4
 19980616 1200 28.02 4
 19980716 1200 27.84 4
 19980816 1200 27.42 4
 19980916 1200 26.97 4
 19981016 1200 26.91 4
 19981116 1200 25.89 2
 19981216 1200 25.87 2
 19990116 1200 26.10 2
 19990215 1200 26.66 2
 19990316 1200 27.28 2
 19990416 1200 27.53 2
 19990516 1200 27.21 2
 19990616 1200 27.13 2
 19990716 1200 26.03 2
 19990816 1200 25.89 2
 19990916 1200 25.61 2
 19991016 1200 25.60 2
 19991116 1200 25.45 1
 19991216 1200 26.24 1
 20000116 1200 25.85 1
 20000215 1200 26.12 1
 20000316 1200 26.61 1
 20000416 1200 27.86 1
 20000516 1200 27.65 1
 20000616 1200 26.73 1
 20000716 1200 26.21 1
 20000816 1200 25.96 1
 20000916 1200 26.18 1
 20001016 1200 25.97 1
 20001116 1200 26.24 1
 20001216 1200 26.52 1
 20010116 1200 25.87 1
 20010215 1200 26.69 1
 20010316 1200 -9.99 0
 20010416 1200 28.36 1
 20010516 1200 27.45 1
 20010616 1200 27.09 1
 20010716 1200 26.57 1
 20010816 1200 26.36 1
 20010916 1200 26.55 1
 20011016 1200 26.41 1
 20011116 1200 26.46 1
 20011216 1200 25.98 1
 20020116 1200 26.10 1
 20020215 1200 26.76 1
 20020316 1200 27.38 1
 20020416 1200 28.07 1
 20020516 1200 27.59 1
 20020616 1200 26.71 1
 20020716 1200 26.59 1
 20020816 1200 26.35 1
 20020916 1200 26.23 1
 20021016 1200 26.08 1
 20021116 1200 26.91 1
 20021216 1200 27.03 1
 20030116 1200 26.74 1
 20030215 1200 27.03 1
 20030316 1200 27.32 1
 20030416 1200 27.77 1
 20030516 1200 27.15 1
 20030616 1200 26.84 1
 20030716 1200 26.23 1
 20030816 1200 26.36 1
 20030916 1200 26.50 1
 20031016 1200 26.26 1
 20031116 1200 26.16 1
 20031216 1200 27.02 1
 20040116 1200 26.44 1
 20040215 1200 27.07 1
 20040316 1200 27.58 1
 20040416 1200 27.96 1
 20040516 1200 27.23 1
 20040616 1200 26.98 1
 20040716 1200 26.43 1
 20040816 1200 26.20 1
 20040916 1200 26.19 1
 20041016 1200 26.34 1
 20041116 1200 26.37 1
 20041216 1200 26.96 1
 20050116 1200 26.65 1
 20050215 1200 26.81 1
 20050316 1200 26.80 1
 20050416 1200 27.78 1
 20050516 1200 27.88 1
 20050616 1200 26.91 1
 20050716 1200 26.84 1
 20050816 1200 26.65 1
 20050916 1200 26.38 1
 20051016 1200 25.81 1
 20051116 1200 26.05 1
 20051216 1200 26.06 1
 20060116 1200 26.41 1
 20060215 1200 26.79 1
 20060316 1200 27.54 1
 20060416 1200 28.29 1
 20060516 1200 27.89 1
 20060616 1200 26.69 1
 20060716 1200 26.71 1
 20060816 1200 26.60 1
 20060916 1200 26.84 1
 20061016 1200 26.73 1
 20061116 1200 26.62 1
 20061216 1200 27.25 1
 20070116 1200 27.21 1
 20070215 1200 27.51 1
 20070316 1200 27.96 1
 20070416 1200 28.22 2
 20070516 1200 27.55 2
 20070616 1200 26.86 2
 20070716 1200 26.60 2
 20070816 1200 25.88 2
 20070916 1200 25.99 2
 20071016 1200 25.77 2
 20071116 1200 25.82 2
 20071216 1200 25.88 2
 20080116 1200 26.05 2
 20080215 1200 26.50 2
 20080316 1200 27.35 2
 20080416 1200 27.86 2
 20080516 1200 28.09 2
 20080616 1200 27.31 2
 20080716 1200 26.65 2
 20080816 1200 26.47 2
 20080916 1200 26.99 2
 20081016 1200 27.27 2
 20081116 1200 -9.99 0
 20081216 1200 28.27 2
 20090116 1200 26.12 1
 Time: 1200 16 Oct 2009 to 1200 15 Feb 2014 (index   216 to   268,   53 times)
 Depth (M):       -3 QUALITY
 YYYYMMDD HHMM  AIRT Q
 20091016 1200 27.09 2
 20091116 1200 26.99 2
 20091216 1200 27.17 2
 20100116 1200 27.01 2
 20100215 1200 26.92 2
 20100316 1200 27.78 1
 20100416 1200 28.31 1
 20100516 1200 28.01 1
 20100616 1200 26.97 1
 20100716 1200 26.35 1
 20100816 1200 26.24 1
 20100916 1200 25.94 1
 20101016 1200 25.58 1
 20101116 1200 25.34 1
 20101216 1200 25.50 1
 20110116 1200 25.74 1
 20110215 1200 26.24 1
 20110316 1200 27.35 1
 20110416 1200 27.75 1
 20110516 1200 27.39 1
 20110616 1200 27.05 1
 20110716 1200 26.53 1
 20110816 1200 26.16 2
 20110916 1200 26.26 2
 20111016 1200 25.61 2
 20111116 1200 25.58 2
 20111216 1200 25.89 2
 20120116 1200 26.31 2
 20120215 1200 26.67 2
 20120316 1200 27.25 2
 20120416 1200 27.88 2
 20120516 1200 27.49 2
 20120616 1200 27.14 2
 20120716 1200 27.02 2
 20120816 1200 26.77 2
 20120916 1200 26.55 2
 20121016 1200 26.41 2
 20121116 1200 26.62 2
 20121216 1200 26.36 2
 20130116 1200 26.50 2
 20130215 1200 27.03 2
 20130316 1200 27.61 2
 20130416 1200 27.57 2
 20130516 1200 27.23 2
 20130616 1200 26.93 2
 20130716 1200 26.50 2
 20130816 1200 26.09 2
 20130916 1200 26.50 2
 20131016 1200 26.49 2
 20131116 1200 26.27 2
 20131216 1200 26.38 2
 20140116 1200 26.56 2
 20140215 1200 26.59 2
