 Location:  8N  95W  16 Aug 1994 to 16 Oct 2013 (  231 times,  3 blocks) Gen. Date Feb 16 2014
 Units: Air Temperature (C), -9.99 = missing
 Time: 1200 16 Aug 1994 to 1200 16 Apr 2009 (index     1 to   177,  177 times)
 Depth (M):       -3 QUALITY
 YYYYMMDD HHMM  AIRT Q
 19940816 1200 26.40 2
 19940916 1200 26.56 2
 19941016 1200 26.27 2
 19941116 1200 26.52 2
 19941216 1200 27.10 2
 19950116 1200 26.97 2
 19950215 1200 26.99 2
 19950316 1200 27.86 2
 19950416 1200 -9.99 0
 19950516 1200 -9.99 0
 19950616 1200 -9.99 0
 19950716 1200 -9.99 0
 19950816 1200 -9.99 0
 19950916 1200 26.36 1
 19951016 1200 26.30 1
 19951116 1200 26.63 1
 19951216 1200 26.69 1
 19960116 1200 26.33 1
 19960215 1200 26.35 1
 19960316 1200 27.21 1
 19960416 1200 27.70 1
 19960516 1200 27.39 1
 19960616 1200 26.87 1
 19960716 1200 26.54 1
 19960816 1200 26.06 1
 19960916 1200 26.13 1
 19961016 1200 25.85 1
 19961116 1200 26.27 1
 19961216 1200 26.18 1
 19970116 1200 25.94 1
 19970215 1200 26.32 1
 19970316 1200 26.54 1
 19970416 1200 27.94 1
 19970516 1200 28.64 1
 19970616 1200 27.36 1
 19970716 1200 27.96 1
 19970816 1200 28.17 2
 19970916 1200 27.32 2
 19971016 1200 27.55 2
 19971116 1200 27.90 2
 19971216 1200 28.57 2
 19980116 1200 28.32 2
 19980215 1200 28.07 1
 19980316 1200 28.68 1
 19980416 1200 29.03 1
 19980516 1200 29.31 1
 19980616 1200 27.82 1
 19980716 1200 27.19 1
 19980816 1200 -9.99 0
 19980916 1200 -9.99 0
 19981016 1200 -9.99 0
 19981116 1200 26.62 2
 19981216 1200 26.31 2
 19990116 1200 26.15 2
 19990215 1200 26.14 2
 19990316 1200 26.84 2
 19990416 1200 27.49 2
 19990516 1200 27.64 2
 19990616 1200 27.00 2
 19990716 1200 26.21 2
 19990816 1200 25.85 2
 19990916 1200 25.60 2
 19991016 1200 25.61 2
 19991116 1200 25.81 2
 19991216 1200 26.38 2
 20000116 1200 25.69 2
 20000215 1200 25.50 2
 20000316 1200 26.37 2
 20000416 1200 27.20 2
 20000516 1200 27.61 2
 20000616 1200 26.69 2
 20000716 1200 26.43 2
 20000816 1200 -9.99 0
 20000916 1200 -9.99 0
 20001016 1200 -9.99 0
 20001116 1200 26.38 2
 20001216 1200 27.02 2
 20010116 1200 25.99 2
 20010215 1200 25.74 2
 20010316 1200 27.31 2
 20010416 1200 28.01 2
 20010516 1200 28.20 2
 20010616 1200 27.36 2
 20010716 1200 26.74 2
 20010816 1200 26.78 2
 20010916 1200 26.35 2
 20011016 1200 26.78 2
 20011116 1200 27.10 2
 20011216 1200 27.31 1
 20020116 1200 27.05 1
 20020215 1200 26.50 1
 20020316 1200 26.96 1
 20020416 1200 27.97 4
 20020516 1200 28.20 4
 20020616 1200 28.08 4
 20020716 1200 27.28 4
 20020816 1200 28.20 4
 20020916 1200 26.94 4
 20021016 1200 27.25 1
 20021116 1200 26.74 1
 20021216 1200 27.31 1
 20030116 1200 26.91 4
 20030215 1200 27.18 4
 20030316 1200 28.17 4
 20030416 1200 28.35 4
 20030516 1200 27.80 2
 20030616 1200 27.19 2
 20030716 1200 26.55 2
 20030816 1200 26.60 2
 20030916 1200 -9.99 0
 20031016 1200 -9.99 0
 20031116 1200 26.62 1
 20031216 1200 26.74 1
 20040116 1200 26.40 1
 20040215 1200 26.82 1
 20040316 1200 27.51 1
 20040416 1200 28.25 1
 20040516 1200 27.59 2
 20040616 1200 27.15 2
 20040716 1200 26.40 2
 20040816 1200 26.40 2
 20040916 1200 26.13 2
 20041016 1200 26.11 2
 20041116 1200 26.58 2
 20041216 1200 26.56 2
 20050116 1200 26.19 2
 20050215 1200 25.79 2
 20050316 1200 27.56 2
 20050416 1200 28.48 2
 20050516 1200 28.03 1
 20050616 1200 27.24 1
 20050716 1200 26.98 1
 20050816 1200 26.61 1
 20050916 1200 26.38 1
 20051016 1200 25.79 1
 20051116 1200 26.16 1
 20051216 1200 26.78 1
 20060116 1200 26.37 1
 20060215 1200 26.55 1
 20060316 1200 27.10 1
 20060416 1200 28.21 1
 20060516 1200 27.98 1
 20060616 1200 27.41 1
 20060716 1200 26.85 1
 20060816 1200 27.02 1
 20060916 1200 27.08 1
 20061016 1200 26.69 1
 20061116 1200 26.28 1
 20061216 1200 26.98 1
 20070116 1200 26.88 1
 20070215 1200 26.82 1
 20070316 1200 -9.99 0
 20070416 1200 -9.99 0
 20070516 1200 27.89 1
 20070616 1200 26.92 1
 20070716 1200 26.78 1
 20070816 1200 25.84 1
 20070916 1200 25.96 1
 20071016 1200 25.60 1
 20071116 1200 26.38 1
 20071216 1200 25.88 1
 20080116 1200 25.61 1
 20080215 1200 26.30 1
 20080316 1200 27.00 1
 20080416 1200 28.00 1
 20080516 1200 28.16 1
 20080616 1200 27.09 2
 20080716 1200 26.58 2
 20080816 1200 26.45 2
 20080916 1200 26.73 2
 20081016 1200 25.88 2
 20081116 1200 26.66 2
 20081216 1200 26.66 2
 20090116 1200 26.22 2
 20090215 1200 25.76 2
 20090316 1200 26.39 2
 20090416 1200 27.88 2
 Time: 1200 16 Apr 2010 to 1200 16 Oct 2011 (index   189 to   207,   19 times)
 Depth (M):       -3 QUALITY
 YYYYMMDD HHMM  AIRT Q
 20100416 1200 28.81 2
 20100516 1200 -9.99 0
 20100616 1200 -9.99 0
 20100716 1200 -9.99 0
 20100816 1200 26.39 2
 20100916 1200 25.86 2
 20101016 1200 26.05 2
 20101116 1200 25.89 2
 20101216 1200 25.81 2
 20110116 1200 26.25 2
 20110215 1200 26.50 2
 20110316 1200 -9.99 0
 20110416 1200 -9.99 0
 20110516 1200 -9.99 0
 20110616 1200 27.02 2
 20110716 1200 26.58 2
 20110816 1200 26.78 2
 20110916 1200 26.62 2
 20111016 1200 25.73 2
 Time: 1200 16 Apr 2013 to 1200 16 Oct 2013 (index   225 to   231,    7 times)
 Depth (M):       -3 QUALITY
 YYYYMMDD HHMM  AIRT Q
 20130416 1200 28.66 2
 20130516 1200 27.95 2
 20130616 1200 26.89 2
 20130716 1200 26.54 2
 20130816 1200 26.47 2
 20130916 1200 26.52 2
 20131016 1200 26.65 2
